232005 603723
63702 854395
295101 969443
916613 551760
471313 506994
917804 395965
238631 543196
925497 342200
504915 939682
431632 976835
332163 961637
280913 187973
319151 916178
864700 805575
209733 622803
824270 441738
740730 887972
810337 550035
857415 241155
101795 328729
748148 19600
238898 986778
77000 164395
328979 96119
618282 274815
72955 950444
236452 868071
138417 69808
298455 517322
389587 508187
140125 213857
464129 880854
101829 274466
430889 473449
515621 46888
316382 777973
580691 555279
764752 657690
719673 607935
268014 337955
882749 340968
802604 633405
209039 941020
703212 21698
972546 92799
529885 112671
306656 508218
507729 922688
296889 452822
396137 812509
499710 712518
590482 80401
267797 869438
252296 501675
477373 520309
353834 360122
375481 156438
507732 98724
611663 210944
120422 584209
817947 164511
211085 124603
672728 233018
47291 969616
685840 957632
296330 699754
670150 401017
294359 452152
270455 60859
468031 262033
95372 821864
136359 470852
492507 644090
569576 104170
855034 204202
202583 672981
368712 927871
311788 555644
160890 873282
39466 360934
830914 849999
574892 15270
251016 869250
467421 35676
930109 935451
297708 539685
271520 434066
10538 764026
592361 580113
868195 961599
784314 584983
634580 667230
512854 460572
222874 187948
333854 262339
63086 678973
626543 637977
694242 877558
21433 675867
427438 465746
125523 239350
5431 397042
187621 15968
161069 779981
110285 543468
741580 408803
642655 890364
76033 155510
350936 813111
857661 198994
589654 920747
392171 216197
72929 86413
607960 94361
762279 35398
560106 402006
788952 79742
799048 976572
95709 474321
756553 720198
531993 12338
129001 174649
902701 719238
844362 767841
46554 702023
481039 636207
136975 873210
366609 209904
959622 488773
818468 236107
524170 892779
638112 313122
972520 951364
803898 68229
425685 560451
788426 957678
572788 431632
646531 989693
665074 490893
757534 711627
707120 238574
862038 844095
111784 742851
568203 585610
231624 386671
335921 269999
279450 974033
97325 766174
925397 901223
834403 865287
461674 137034
337170 548667
82870 983700
538360 747943
474593 810099
459570 181713
48673 835813
540012 674660
578664 622419
774474 810288
9091 110396
80287 802744
598633 177611
568919 38235
593038 917526
903521 568917
568764 240691
117584 165839
738595 170148
913781 213188
980246 887556
909105 543123
723369 963321
731987 816237
585741 20667
140730 109036
131062 221016
425984 729694
912831 509107
767928 505869
940837 185655
588990 509602
940549 706573
675440 679145
390926 103426
406537 885376
990981 829846
428500 228555
793168 674691
558997 378909
695357 699726
2149 826418
920742 428132
70317 347778
937239 352450
367851 878076
538104 956841
901882 992857
177619 91527
672002 82749
194953 78540
968125 700138
422590 396625
442898 215758
585520 1895
108871 280878
701620 111019
621500 136567
53356 206022
998548 504799
558471 880604
897079 610779
837445 798962
603636 529268
404693 789843
612017 113850
382587 580142
813988 805176
490971 771090
535139 590695
287189 644009
871572 988808
269233 7278
639580 322588
727503 638128
341591 800178
518732 238670
410957 870381
37632 528797
913854 956529
832844 525871
70379 215431
620217 398571
534812 625392
169661 69951
216087 456849
713959 601864
959862 497396
123346 113647
334188 850848
751774 675778
651026 784711
914448 576187
169297 466284
619188 83151
422813 452033
123226 7397
181668 257647
405967 716479
883038 89833
786429 613330
60886 500389
729398 534952
511989 366948
648598 846177
732000 400373
521955 383026
699288 950607
473417 868584
416892 92605
951735 353909
58842 74961
361305 240510
846812 281477
956988 244055
371309 743418
371589 432194
758011 100987
481351 270000
982138 129949
116177 714138
530321 638132
611368 743813
102944 84785
612398 519835
691594 78338
873744 750435
667502 749253
505149 514314
30730 462138
758369 916242
205556 129958
862641 963566
745149 343992
233566 727287
473940 863947
955630 518466
16284 566998
262279 119227
165988 388881
639062 371786
467218 27011
636425 134721
290468 141575
649034 321198
603712 921607
751644 809267
51566 614285
287038 310919
958276 34808
38206 432217
898754 508040
950682 429242
75039 727165
548469 755230
116047 701735
127016 583264
242950 763440
232189 533417
905014 881223
368819 508726
317035 120464
832197 368600
734748 633439
193723 693025
668247 746133
639446 81206
254173 104333
510448 843415
831497 573121
598645 461748
274856 239865
559217 32010
3306 791405
565426 422524
186833 448450
445455 503868
568913 791856
386672 817865
425296 580395
25095 607747
326528 664540
203157 580700
768872 227809
424116 114575
800929 536965
576322 589989
776830 135539
621998 780135
926944 701629
716863 113777
150079 162318
131849 718991
954174 518521
51061 379470
98916 76156
501421 939647
740695 704577
34552 23773
932386 458667
138347 247520
509837 228873
837509 286667
878616 973711
581006 319765
675340 297869
947745 825418
460187 79595
58614 928565
598115 109675
822239 211235
185830 323660
150882 440729
28237 185433
464501 960622
158305 117052
722347 182346
345925 559856
469012 738745
533567 50018
58510 208908
862090 6255
548530 836481
600053 121349
765046 712372
231023 587285
923606 931056
910944 588692
371785 453386
288330 836286
928212 960838
467542 650559
143184 813466
724619 126400
66416 258187
690621 124925
981298 552711
645384 44033
389193 245437
165381 668443
472014 910607
769933 909824
841663 195082
12722 727653
648467 815255
78144 90885
776093 545685
741443 433481
873356 466063
74085 939771
238454 764705
64697 733956
317416 224285
777988 220813
983925 943369
403461 455939
853976 173394
365764 209845
368475 378485
937497 16943
193740 15641
107827 484037
561325 363474
431722 948885
343741 505806
888657 582194
270511 467558
316150 102131
691842 608343
837148 675767
551712 240609
645911 919892
414002 11675
643941 782476
904363 581438
313623 612307
111283 935653
96344 186813
813332 528065
135698 157073
548075 24355
253472 818585
491912 83826
434920 697958
692168 272068
887930 758084
512676 533841
677977 440882
59720 836122
223359 478287
931765 51186
90594 43048
501044 186937
229860 314376
229206 365558
985652 777280
904116 239124
110070 910233
322950 544989
122396 15118
817057 10326
773202 843937
58371 965383
284820 632294
801505 22383
110581 733270
73568 715378
290523 88816
902314 520382
403191 645724
400144 388844
937208 818465
627967 47278
728698 465121
106472 851093
480239 923528
375624 767645
281670 948198
247233 566489
580493 562942
103076 205278
810417 176644
920656 100940
779663 337175
135526 182855
497104 49875
85903 434312
868339 228074
481590 111242
693195 102266
476539 687638
25794 852162
455283 821667
800361 216720
902361 895058
779661 5437
614540 590078
696284 535196
205222 475948
386576 854952
658802 883679
904826 744704
317991 287370
972777 313785
912815 180177
416050 389354
867814 956047
755721 837301
777715 70287
54021 680076
965344 347887
199717 579884
452169 896001
629285 171596
371949 15861
26548 30751
899539 445578
289659 731734
732947 776640
559724 159967
956817 975773
549320 338836
446026 819245
690342 737945
889531 744362
932225 854875
606453 131942
948964 58623
27943 92454
230218 399891
108314 770969
944845 522057
216547 748708
767995 463698
525349 327719
623664 996370
817697 172984
849410 263723
992229 539752
515872 395965
798319 448097
250841 404772
580038 714009
977598 122186
806462 722020
522076 428980
492989 981126
465241 709535
729834 233236
173233 769387
560955 796896
279962 892856
484085 643577
670783 990518
183329 186655
386483 495852
634751 151528
900624 728993
865536 392427
851178 186203
114448 887459
615182 607436
382790 80423
316972 626828
827863 4409
910420 388818
801305 704586
795878 285390
348163 466661
275908 45697
653315 662390
541548 288066
813918 956376
531263 193659
348804 382442
379862 977455
784105 509248
584891 166895
103876 416067
793722 931738
420476 704142
834760 735985
408729 630638
535579 271096
97299 811486
316792 264818
988080 372545
67088 316203
328921 598350
24067 191929
494996 918132
683588 279101
427380 782684
960199 45460
712955 753922
491402 133431
972268 326162
383620 895201
471004 919198
680502 82507
244889 997293
347324 232970
884042 928615
63377 727168
526966 87443
433301 21962
5575 116890
815267 947159
899573 775466
506823 612528
43593 998225
260164 15862
838591 643783
425267 309596
562982 105769
906306 807870
617267 767835
555044 501309
696450 618421
228477 223416
220068 661778
759582 739847
292872 574849
687006 192445
864519 708033
319177 908112
706258 579340
438178 544850
737328 377649
368650 814514
483418 789160
136589 614889
556995 691633
630402 253446
824258 858879
991065 44326
34862 264852
298377 327733
839700 499587
34382 218425
207621 867762
126537 913878
961307 564714
972932 698635
456567 855786
27354 939984
644947 163942
69078 201942
855574 699480
969591 194037
558359 960657
752567 107425
739713 50944
949361 579414
550531 497947
312043 272356
365709 438579
186234 841220
517497 673371
539855 974063
529157 81413
428253 174104
245355 497330
890250 615133
196810 859841
809170 269373
334703 75942
891001 74417
126885 354567
168035 191620
852513 480077
463975 732427
432860 164414
573647 950356
351989 627707
438624 881145
709119 381081
569454 954473
878411 459704
83812 589425
833749 892981
373003 168453
483127 264004
757073 124216
132776 439312
315836 985288
919388 294015
231920 866452
972632 805567
331013 324621
947478 769636
205767 170802
150718 289425
125276 543333
263333 723291
646962 97082
130477 19965
779738 613603
798173 536811
737818 930948
490327 567858
430441 923919
861873 176566
790371 834505
982132 121384
673331 443815
405225 393302
614616 70147
682726 254096
613479 946058
977386 774645
557344 107863
794610 337083
721465 106988
388098 973488
552140 878425
541346 982580
316549 917423
159146 106921
266134 655482
742508 939464
613501 147733
332766 228118
217879 529696
996417 345562
989958 973804
634412 547302
595871 943226
398589 831541
50214 786687
805029 602353
179317 346375
99138 495865
263799 772488
116990 529932
942174 859498
983600 555676
7231 830570
297998 739314
360266 294415
599080 350224
782423 747696
411730 378295
690922 810319
209836 741135
111211 529069
857692 290527
389648 471035
300596 653446
243523 417586
697582 699901
791288 195387
769781 312723
25957 67779
566241 386222
876398 165322
250650 173026
913017 176585
65525 118145
986903 275360
859279 98114
318633 231177
902844 708281
702211 717644
875931 459938
135230 87719
159839 440722
283105 929620
753445 309062
511603 319686
209488 902205
999211 974342
75232 426434
150927 140756
544578 652034
930320 403857
750147 248953
149238 167196
957233 851448
884839 347370
311386 534274
435088 471225
974995 718192
915049 728440
541458 940856
562331 750946
843062 561542
239493 918293
987975 390419
59049 532553
42453 503573
936410 306804
752526 599852
988203 223964
451301 387247
571333 762686
921520 6421
748115 410721
238818 177369
653365 780275
118226 215696
45426 961287
777238 284918
393785 765213
675336 967037
297767 231993
470611 748381
53001 737341
348233 41204
475509 313738
428451 561047
590629 864175
81672 852948
789100 320489
30318 442466
614969 662747
172366 660394
624034 463808
945312 532023
229022 134853
499060 40993
881050 483875
303578 934050
221216 166015
489459 210930
479753 432114
771976 70382
810493 853647
923329 599594
174137 467851
556264 303310
130598 242834
963703 268836
706642 423220
315063 449868
72278 814123
490860 953327
812202 308642
401582 33419
474656 891040
244348 468613
837358 530528
53199 647852
384175 490733
761650 72516
958583 317914
375825 603386
560747 853733
386426 267389
276953 701489
717256 349230
29817 722320
816761 842018
30962 218344
389641 19823
623588 148193
2640 460947
678720 55839
623003 62896
546571 384653
649615 19359
702566 539645
136949 777517
393378 523375
559111 670330
739068 790571
533765 768884
512892 350526
610902 58058
83074 544
592084 706662
148736 594724
681813 341661
164767 304816
918760 711337
689468 568375
244900 906238
108020 381849
197960 15602
419428 757070
200137 158496
61847 733901
927379 88943
598631 52486
147000 681705
567233 253289
388367 230174
362217 584384
571834 526983
889199 490594
752524 92872
573173 511628
513314 195398
893476 225478
210999 827108
982548 411135
985603 558599
659240 427187
647541 772076
479673 308745
453781 561110
562033 356352
791283 438454
454940 877321
965436 344139
882119 232165
951214 455293
743793 978732
650690 151474
204210 375893
978582 700962
301233 478390
259561 474677
905577 907101
246753 899454
215847 214738
974768 292084
85294 766052
730538 540233
157578 210179
398576 39698
442344 349790
494990 700341
842726 659884
851814 46937
549981 344601
262103 851213
822991 35869
325891 242773
942969 86848
142227 673020
301586 116995
479309 901083
397251 209847
441317 554829
420025 839892
108731 376573
703887 117925
76914 546613
777808 442933
107754 841993
787533 884061
693207 124729
919929 533302
367501 377103
134354 23932
564328 950143
655131 43637
851227 566586
767687 292544
635619 187712
646640 744349
78490 350527
862273 155403
411345 154286
112540 33303
510484 414278
431568 203691
539006 865701
251197 420712
242805 385550
958847 321337
335694 613978
364973 701125
694769 132660
993668 330388
834575 154513
588942 913064
505040 965419
582672 430589
119706 209416
978095 630189
623693 409664
348084 162700
275365 113485
97616 32374
499034 56463
353710 348932
184646 232887
50057 879414
879750 557929
209802 228531
712442 798743
655799 731686
764163 238471
676479 398073
962091 654574
542466 585784
578442 404754
262688 368012
518238 360303
914589 531476
930970 782504
394613 115616
15391 444669
995029 409346
516803 719035
637876 743449
31984 293675
475135 310351
46351 665818
708423 8442
834596 765093
594225 413039
169847 371118
295255 688084
245625 209844
733764 176595
506552 128377
806414 521943
