80759 81142
32179 38065
8902 43390
960 98664
48304 64290
28384 80645
70278 97638
67361 85162
19008 24384
1736 18148
81295 83999
68308 97565
7229 89205
31626 40709
40022 55755
85824 86267
65799 78024
25064 39198
79490 92926
60607 97085
24371 60259
97204 99580
268 3774
85196 91010
34655 50813
92414 97530
92110 92318
23739 80347
10844 69184
93433 99694
79049 89424
13503 48941
64714 74974
16988 95999
84585 93302
17846 96965
85866 97318
25204 83930
91015 99265
36949 55310
54364 84366
91882 96855
80143 94811
16087 71867
5828 82380
7133 58979
31043 51654
15971 92088
97738 98615
38534 61008
76748 84048
22541 52602
48659 73268
77474 77932
4871 78797
7141 63301
47064 84184
50329 59613
95485 95574
50037 59502
31664 34547
43632 78709
9443 85891
11854 35764
66280 90695
39113 49597
25187 31571
89456 95553
69927 92069
97902 98234
11572 38198
35692 85908
95010 96606
27078 68124
99545 99683
32636 71598
66404 81167
37028 60081
792 84674
21624 24122
34714 40534
95147 97833
82688 85082
79771 93179
67892 89448
71157 93807
90904 99920
55173 70879
2508 45596
71094 80795
36905 80479
5007 22486
31266 85139
28020 72927
87337 95769
41409 96571
7220 94746
62072 87366
82395 86315
23305 26367
22832 32880
30545 96125
89862 98444
35655 54201
41238 98534
26026 32880
59793 73618
62679 85533
44305 60578
68229 78114
11194 45729
96263 96847
23552 60647
99212 99897
8748 46475
17036 61418
2969 62338
86848 92058
69506 91383
63632 98785
4034 56236
22517 51646
48635 86937
1072 99319
87005 96673
22314 94077
56222 77603
94365 95636
73783 76451
33305 48185
30602 56286
42731 87880
97298 97397
60272 79362
19589 62110
36165 57886
78635 95083
61224 80398
24989 47701
81135 92281
35561 47212
38403 46353
6423 6878
61854 66199
65330 66039
85563 92907
79040 93891
22774 96546
26109 34107
81540 98163
40998 74600
73206 88130
36829 77381
88743 94718
7312 68483
53255 95032
91328 97736
21456 80809
93782 94403
29704 88234
11472 88984
19043 58411
93557 98486
81442 94073
53211 56994
56617 70552
18599 52562
21128 87755
29336 95632
44557 88475
52340 71592
95933 96681
32639 79332
53805 54353
6040 80772
56289 68126
15606 48920
96092 97375
86472 98312
72593 92307
85825 89053
13484 93727
38549 86837
5166 60319
38933 89375
32424 36577
49980 84261
50135 94714
4561 49644
91615 99767
32456 86398
96725 98210
17644 42800
69242 81344
86201 98989
67913 75675
94172 95892
11462 14654
77294 82436
16014 65327
81988 97460
90715 91531
12381 17595
60392 99621
6256 35456
41586 72733
24833 56827
21028 82802
2211 69998
19640 75806
76770 87311
72052 72467
35816 45831
97124 99875
60748 78278
33861 94813
65441 86125
8421 78600
56353 69912
74419 86851
82060 93465
50010 56891
97519 98811
34160 44748
90656 99629
41921 50998
73501 80056
25953 62981
58705 82053
94013 97097
47434 83107
4751 18961
44589 67225
2208 20385
15298 54543
55770 99130
59722 63186
82640 84897
65298 86806
14054 85519
60809 62806
83608 92621
63933 85937
56417 91718
87122 96334
14760 91536
53681 66824
33168 33242
46400 93105
9375 70975
68674 97087
50065 86092
19129 38152
21993 26663
4652 64224
48965 84413
31624 78607
32680 67992
23624 58483
41679 53892
3206 50798
20635 56606
17035 95660
95330 96351
42106 85644
32507 67001
24952 63893
37059 50767
68639 74312
55638 99180
27964 85580
97696 99150
22452 30627
88066 94438
20213 91142
42665 51990
24427 30359
16802 91366
5480 77766
23546 34793
71478 82155
92644 92881
5867 26477
37526 97150
58278 75867
9381 69242
74797 89318
96093 98579
11371 74575
60343 94037
91923 98300
25742 92674
21095 89769
56286 81936
4218 73248
21703 74859
95326 97326
42032 89368
43180 67731
30177 44238
25530 39298
52158 63721
90 99858
17575 96091
27064 53387
36705 75238
98232 98804
56616 87122
30098 65101
31176 70909
87671 92096
38057 68679
3750 46350
21179 52158
34292 46106
96515 97437
18299 93074
909 85167
98883 99897
81645 98375
88374 90825
3028 68667
86275 96644
84797 95716
10006 29612
11084 35420
20913 85196
33656 83477
71256 87196
47909 72750
3981 19342
17730 51740
83563 98147
86828 90583
91379 94437
59899 73316
35624 58392
26929 55557
40042 93304
88043 97083
13108 41425
48000 96881
95932 98366
24784 45193
89777 93750
33370 71837
99322 99704
23273 85994
99555 99914
93998 97745
69565 81314
27018 34045
70541 96694
55197 74858
36824 49903
77155 82792
59396 69360
23529 58177
62759 98763
18901 23835
44523 55825
49421 63801
58692 95791
94303 96815
27494 99828
88362 92523
17967 18147
5599 81630
23099 59993
30811 38773
78604 84975
22218 64427
70150 71757
44093 54217
52890 75435
60601 62215
70312 71626
97198 99697
49724 51538
89937 93205
78198 79465
4826 71940
52178 72078
48513 80363
3671 82463
82880 90373
10135 71427
41926 44647
89858 91332
65355 77149
30749 40280
481 66476
1628 28487
19058 34295
82823 85246
51352 64390
82932 88582
61227 66078
42409 90955
46393 54439
86536 87663
71466 97216
70413 81812
30371 79203
43483 69107
74059 83083
94821 97613
5372 35408
53304 91668
21694 77105
81011 92829
96528 98128
46105 57637
16891 59849
57034 87956
99596 99697
41976 91377
9926 18449
50210 52765
18312 60811
84145 92318
17977 43417
27248 75408
87214 89542
318 81593
35649 99464
83002 99603
64698 80714
42048 85588
73072 96990
86175 86547
64470 88133
29864 55543
72844 79966
65289 74277
92034 95609
32452 72363
31414 64455
79346 91242
80125 87680
74621 97010
86589 94802
5282 91147
36932 55013
70700 84069
69662 76162
79073 86405
10723 81372
79174 86197
22649 87791
64201 75370
82265 87594
41582 67526
98775 99386
76258 87666
40528 85751
32338 74645
92639 99643
91718 96530
10341 95809
64766 82854
25704 49201
57283 83454
21553 55073
69485 94051
40132 91280
47287 54202
65342 80034
33503 49912
81861 95029
17239 76929
86971 98539
59438 60965
85013 93787
75816 86011
39607 83660
99990 99993
17963 95524
55005 67007
27859 78332
86123 96321
25439 53275
32467 95675
12530 90440
98900 99623
2452 9854
75228 76828
17209 75505
19056 94604
47893 68262
20668 35237
1311 93235
25762 50303
84017 86960
34018 98419
28732 34854
87436 99360
27649 86950
58233 80563
99025 99806
58342 81309
25252 40925
58901 68309
52115 57965
62981 66509
86926 93604
20575 41398
31651 70701
29677 45628
7854 92015
12821 72545
93325 94933
91210 93012
85159 92729
17460 40063
90314 99848
37666 39132
87161 94791
53138 58040
72777 80981
92980 96667
32558 97061
10365 95900
26187 38786
90549 98361
62768 92290
7933 99393
15607 70797
14081 87709
92258 93263
90284 99288
45238 93599
43711 49218
42546 82772
27423 30148
51368 96558
85298 89873
41165 52600
21738 86894
89701 95792
46831 61770
84937 96155
8965 58781
27114 84521
69466 84576
3185 72997
84663 86854
56604 81618
29529 86906
71942 95791
30646 91223
11784 91087
5227 18448
43333 70533
16259 29993
55000 64239
62028 83415
12099 99706
72918 85607
30697 65248
99307 99604
9088 12025
98224 99399
35336 94833
8120 79967
46227 80673
55598 64816
80754 99598
39018 73640
37853 45901
10638 47387
91281 94162
3828 81330
41934 82035
14718 83522
48082 70352
93687 94711
96973 98361
20549 69399
75503 90061
9292 84466
72233 74230
66391 82848
69678 69838
50878 88341
9512 87972
87319 96836
55281 57745
35855 43188
66172 70557
43727 68326
99260 99565
16657 45753
54763 88075
53098 66025
91980 93607
62640 68555
84394 89154
38702 70515
49777 93467
10597 79368
85203 90014
35204 74796
17963 99197
11406 51037
49512 69241
91864 92731
86729 99373
59504 84772
77522 99185
6280 44808
97741 99524
9935 36289
78914 96008
20826 22129
50809 52856
44252 80217
16527 63084
41558 94974
1098 1532
73882 80654
37539 74040
10323 75526
13740 73115
86525 98281
67169 96842
60612 79233
24903 82201
2075 68102
61344 97830
42822 66484
37686 63136
14858 49037
48577 48976
2884 59206
83528 99194
44347 46134
14654 27537
23332 59427
34408 93249
76760 77579
19173 29140
46865 64060
33465 54433
70487 76798
90125 98083
44433 51316
52742 59076
16328 73895
20194 52058
26784 68681
73174 95210
45959 96696
49825 74860
43268 85869
42378 57583
15304 68422
37058 52776
7718 22387
2441 93334
79613 92992
3558 92100
92271 94459
580 91204
89716 92690
32129 96646
4913 37724
46421 88301
23653 25015
61759 81387
34544 62117
90077 92971
44524 88878
86806 93514
80965 85053
26341 59780
99125 99550
16555 67074
77374 99325
18306 36464
79267 84304
90203 99837
53213 71967
25154 85164
53911 68107
21883 99515
35480 88765
46555 59712
19330 26687
87302 98567
31290 61735
56428 92960
34375 58838
83151 83630
99040 99710
43347 55909
16271 86153
46589 86550
11389 63167
75046 76298
14410 84023
56692 83931
73160 85660
97105 98468
30894 79870
77563 89333
41784 87051
28356 94826
78992 91622
37626 42344
98585 98805
91044 91622
89518 90195
87915 94132
40171 55894
52161 87685
93599 98666
70124 95108
34346 76317
42161 92826
6382 96313
5217 68574
86704 98509
85815 88476
93914 99843
59338 66061
48474 67547
61666 83678
38837 69925
6809 69519
10596 40616
5320 11563
74983 78756
85919 93807
79362 90957
62120 76529
12122 20266
77884 89615
18308 86689
80335 96970
99959 99967
28611 97110
74356 86567
32689 45020
61447 64718
20716 70576
70718 88873
55808 96034
63907 92248
8507 40221
6842 28375
87485 88026
41933 65337
54985 73257
17995 19302
98639 99671
87821 94744
88853 96801
20574 85259
89150 94255
23496 29571
18674 50574
28384 28628
99169 99402
47101 78998
50248 83437
46654 73597
39253 83943
47352 94728
11009 95681
74019 86702
29748 32643
58506 99234
86268 93019
17848 31164
7054 50511
84860 93500
8807 55190
24695 96216
18208 79780
7979 68242
27478 59959
76607 99884
61417 67635
67541 67977
70688 81626
25135 79995
49216 58326
91709 97709
25419 92319
75420 78639
10890 20291
35342 61008
87093 87808
11545 40678
75836 98675
94828 96352
5764 38541
34522 90048
37510 55412
30039 38281
60356 80405
36047 81487
95307 98651
1925 63912
60128 83358
10268 73466
20049 44131
14207 80600
91804 92671
71943 94623
26896 72775
68808 98896
92753 93966
34052 47077
19001 78217
65797 83770
97392 98471
1801 28426
91008 94344
88893 93694
92181 95726
37926 47518
45599 86252
50567 66782
45130 65533
15506 19491
88360 92039
29798 31632
72071 86344
22212 58838
51049 74604
57220 58642
33745 59432
83886 92365
48038 67724
84584 92877
87873 96943
20010 57785
22383 44493
46259 84803
5528 71410
7670 52805
98717 99676
58035 72245
72642 99165
49869 52737
5402 17613
47054 61086
11066 45216
65513 94009
46016 72825
79805 97622
47329 76747
27763 33432
12713 14924
99082 99500
10615 70821
96090 96205
54010 89312
22479 48815
25765 35805
88336 98969
4154 56272
2628 73184
63018 80314
17465 46357
56066 72577
62190 94334
39470 91807
19904 67204
14051 37744
38502 94813
66750 86622
42441 76704
27392 66415
26928 72825
11112 93738
8998 52235
81852 94767
27738 38279
65704 93875
70672 74405
86630 87985
40938 41244
207 27851
40587 84733
69554 70924
3203 35797
22842 94607
93418 96945
13823 91899
41655 91065
95892 96518
37331 87731
22141 68584
55929 97297
11938 37495
34320 42139
7174 99829
17604 97814
80680 94014
9579 86310
17888 28340
76592 94315
91834 97890
41835 89745
43053 46891
92631 99363
16576 42729
66577 86465
74886 85886
89123 97723
66720 91285
46859 75947
91954 95389
33392 62966
17576 22209
55672 69999
36316 59171
528 10103
12378 96784
70642 89832
71385 75395
13737 47580
81841 94336
31263 71150
7510 45464
93879 96764
9122 86096
4251 77982
57135 68130
46906 49224
39204 62007
72993 83541
71964 87944
35750 71846
29700 38502
415 76121
81058 89392
21780 64118
7307 81170
13756 14039
34029 62406
76381 91027
26443 41501
68795 88556
45183 83311
11592 76520
44100 89076
85538 85663
48039 96210
89054 98896
87309 96081
63000 88564
1602 62314
76704 95790
5541 69448
90422 96812
62362 74558
25372 72618
72097 82897
26405 38429
25657 55861
52794 68798
33771 41906
49660 82932
87190 90015
20979 39373
40619 88515
16796 73475
89650 95095
51747 84732
67899 96657
29573 32030
18779 89719
8550 78182
6806 59269
964 15794
60224 84242
94154 97828
76269 97301
22924 39959
7873 23832
88307 98907
91594 99868
66837 71866
39691 84378
15868 50895
16891 60900
50679 76862
31798 70416
51992 56962
24212 24380
58001 96874
17261 48970
23384 37432
16910 48234
57772 59168
12286 55677