1 99
9 3
99 3
1000000 999999
999999  999990
999999  999870
677356 677926
778699 779254
81776 82010
324958 325664
448103 448265
681543 681547
602414 602769
896185 896383
48237 48702
178904 179073
805352 805527
741229 741690
697661 698018
937604 938246
973755 974399
617410 617984
334720 334976
619174 619889
62668 63208
143834 144466
686151 686347
878966 879589
662220 662751
518257 518552
787921 788006
249029 249237
672948 673083
906622 907401
6083 6878
333855 334619
375304 375519
633489 633801
968239 968652
818632 819393
498870 498875
660821 660933
928368 928726
514817 515514
75317 75976
73517 73719
84746 85100
541859 542601
923976 924433
645144 645350
504588 505133
606113 606232
567770 567783
276238 276805
525391 525698
781479 781855
556578 557066
868642 868977
465813 466176
388606 388996
782526 782917
525504 526069
276557 276617
613959 614199
398681 398961
125486 125544
259787 259977
40029 40404
326726 326958
15244 16010
483570 484219
30870 31556
650084 650319
134069 134285
713931 714018
479200 479674
615642 616302
551550 552041
604813 605363
281541 282135
533337 533456
451220 451973
847733 848489
237865 238120
149087 149517
837088 837780
48556 48717
544776 545125
114224 114881
179843 180466
341478 342261
87195 87795
852253 852953
185532 185837
329375 329380
349777 350208
162398 162762
776383 776728
199453 199652
674200 674540
809113 809595
822365 822583
240851 241298
788691 788701
161211 161881
365312 366040
291033 291152
308258 308423
179131 179135
9421 10070
852662 852850
147455 148108
338107 338805
620034 620599
897593 897717
300669 300823
553736 554447
576663 576941
688153 688705
767785 767937
214167 214668
479999 480023
991065 991147
791211 791312
194408 194744
273573 274142
226888 227128
994947 995569
175268 176041
738449 738683
131642 132273
730350 730691
981856 981987
709378 709389
325554 326258
383455 383916
321402 322134
772532 772934
511898 512575
434824 435011
315928 315964
358969 359581
689543 689803
264433 264456
121582 121887
421377 422107
490935 491538
686813 686821
414038 414639
127764 128178
591028 591390
425066 425365
929143 929741
529779 529949
58959 59586
377998 378715
246624 246629
993020 993771
573319 573604
381276 381895
264971 265516
355365 355600
230018 230254
807743 807832
927133 927273
803390 804175
117488 118234
442140 442483
959298 959305
900785 901110
27277 27438
718770 718895
433171 433768
579203 579296
634142 634268
596826 597578
41201 41452
476178 476818
968496 969087
509576 510034
663016 663338
349206 349216
334493 335010
671690 672351
833583 833922
230594 230888
20040 20155
946630 946934
683172 683741
290497 290867
576061 576361
937693 937861
2963 3541
435803 435865
452756 453308
631436 631532
20141 20203
640271 640283
380301 380844
643144 643825
602226 602992
69848 70249
795219 795390
880191 880553
381769 382238
76203 76733
580731 581509
90427 90611
398949 399007
617972 618364
348067 348765
529151 529597
924991 925475
293406 294138
880053 880816
27817 27999
21440 21516
493834 494261
574915 575667
525008 525438
848534 848772
637812 638390
433834 433863
684550 685002
957883 958146
178770 179156
918193 918971
355061 355167
971475 971723
959190 959347
482729 483367
162787 163301
542060 542797
87049 87519
915788 915792
842447 842896
128221 128227
315056 315509
455647 456328
517395 517795
352489 352630
53289 53337
134834 135597
349730 349800
639259 639353
79820 80287
234940 235239
449289 449368
426921 427594
833771 833987
901889 902188
643951 644246
882931 883382
532916 533491
824910 825023
342870 343381
226595 226707
162539 162946
424857 425195
977113 977232
789741 790279
51219 51861
510659 510794
984942 985103
802285 802845
890596 891065
538007 538561
173668 174024
335469 335764
569299 569447
332810 333603
441891 442137
300030 300083
8750 9416
704826 705356
852944 852944
844859 845163
462751 463406
609009 609734
100584 100742
232651 232893
446374 446677
38274 38311
238017 238205
541438 541846
883681 883914
88904 89422
128526 128679
673677 674443
653126 653155
628587 629163
670297 670848
826651 826943
948837 948866
667068 667574
925673 925873
808088 808707
678024 678196
103797 104180
420668 421326
449530 450098
965267 965972
879835 879991
56683 56791
568899 569683
495686 496459
722686 723293
981738 982200
894240 895034
498424 499144
275605 275950
41478 42026
989478 989542
587835 587946
747621 747809
823015 823763
544917 545442
918877 918878
499032 499446
655917 656319
285367 285766
25474 25782
948904 949660
359061 359855
136223 137013
772620 773240
987507 988202
571571 571625
747595 748030
534805 534994
49349 49991
936791 937058
662691 663484
19569 20316
889171 889348
745802 746459
201786 201977
372847 372927
916892 917502
992719 993150
57738 57926
914262 914892
735976 736671
583588 584294
642298 642691
56362 56802
697866 698364
389312 389686
985913 986395
364774 364907
673312 673496
130325 130464
590945 591654
449472 449629
567439 567517
71500 72285
125686 126438
332362 333019
950409 950471
293677 294073
236039 236749
573517 574131
40744 41210
442038 442086
7657 8308
95053 95455
511442 511529
124481 124678
461025 461700
83658 84135
695253 695889
622368 622499
615576 615694
581434 581627
976713 976889
787298 788057
424454 424821
185170 185468
926387 926521
585261 585481
673673 674144
547452 547539
637246 637874
863651 863909
426700 427082
714112 714870
524033 524080
324767 324970
108419 109078
445597 445640
589949 590605
574551 575103
90219 90225
558125 558326
884094 884783
446329 446744
717324 717976
137606 138332
198999 199559
587087 587223
406872 407539
727254 727777
522760 523155
754205 754472
882763 883476
79460 79510
224153 224891
821024 821507
92330 93050
504564 505178
428958 429110
212334 212523
949254 950003
191072 191445
816210 816900
261210 261811
555832 556596
125473 125570
508798 509267
47118 47573
963172 963617
772933 772959
692337 693116
637456 637947
782296 782954
438136 438685
162534 162725
183328 183610
128395 128841
516061 516789
122755 123102
575670 576336
799968 800166
620244 620911
152342 152903
968934 969419
885474 886165
971028 971483
811480 811591
639229 639363
236967 237749
339151 339577
199755 200211
605474 605659
823376 823442
103762 104275
719805 719951
921048 921383
828196 828258
909667 910272
169381 170023
795672 795679
882330 882378
719363 720001
325090 325235
967161 967919
22125 22455
184044 184742
149089 149179
259114 259497
638183 638790
777554 777832
325301 325614
107731 107886
483481 484191
933891 933998
965118 965387
219930 220268
389470 389684
163433 164107
933605 934011
568697 569241
290845 291205
487684 487932
44124 44275
322762 322906
205542 205598
576113 576203
330815 330867
253437 253889
405233 405653
330792 331153
500855 501388
861950 862440
819172 819950
666167 666574
429107 429268
744594 745017
399180 399386
111114 111346
32847 33426
185431 186119
586464 587089
280260 280374
348111 348855
842249 842549
871554 871740
670693 670945
241954 242144
791801 792428
587199 587312
384963 384965
910049 910104
369686 369863
456364 456522
192370 192641
815502 816273
938982 939049
421033 421207
672895 673407
577592 577649
354794 355426
704543 705101
689294 689462
742963 743553
684159 684207
55843 56528
475649 476327
138370 139133
360122 360570
180850 180912
316657 316960
233199 233482
818793 818901
253077 253832
546580 547134
361294 361560
826614 827105
558460 559007
107831 108070
287743 288357
163364 163691
308100 308872
947716 947851
943339 943901
220370 221067
516499 516995
433979 434570
206436 206642
525717 525925
655992 656764
635065 635405
936583 936806
226591 226954
57869 57993
230357 230828
183226 183815
972092 972374
846743 846799
730560 731241
988080 988303
42737 43249
946850 947644
12130 12498
831586 832258
496350 496785
507975 508364
704546 704898
610517 610994
144634 145332
580839 581094
356540 357311
291352 291645
968923 969128
523022 523741
222857 223066
379972 380331
784717 785222
553715 553906
112317 112724
221948 222514
45943 46384
668148 668302
961122 961302
302892 303060
472988 473113
224220 224875
152191 152598
42668 43102
306101 306171
778527 778890
637812 637910
26396 26505
991001 991296
378394 378653
746845 747622
897255 897947
74422 74939
11349 11740
224141 224416
337986 338277
58455 58959
236418 236657
427218 427689
664267 664612
261822 262213
141309 141743
9109 9461
66636 66658
598312 598743
752299 752756
520824 521538
341047 341716
635598 635627
237021 237805
8439 8729
580489 581148
493184 493230
649676 649873
908586 908850
87593 88358
451721 451903
12924 13251
447391 447887
415943 416012
794256 794693
508667 508786
158081 158717
690399 690453
664594 664725
677792 678170
376470 377241
827989 828272
482667 483280
761070 761186
575226 575367
294713 294940
76748 77345
319888 320413
194694 195291
10946 11009
936899 937440
141436 141708
332525 333298
595124 595510
795000 795060
665074 665785
294427 294871
363036 363516
188971 189226
209916 210172
419734 419969
319984 320127
577913 577985
55149 55543
377823 378386
150577 150937
956950 957505
895140 895164
776783 777015
604778 605072
483314 483485
669256 669732
561660 561900
135760 136533
914262 914935
516426 516823
560531 561112
97473 97893
900454 900923
470728 470729
135741 136395
745991 746058
993438 994048
980326 980857
82140 82277
341524 341977
875190 875628
832148 832849
470764 471120
530021 530676
567903 568558
830925 830955
577156 577570
970017 970343
175109 175491
591507 592137
638516 638847
666009 666573
126125 126324
491702 492122
381895 382100
380775 380907
168374 168981
663084 663387
571904 572283
527984 528529
85433 85829
297239 297616
206270 207003
245444 245662
221099 221139
751812 752592
117305 117958
187194 187803
147224 147926
296488 296537
142116 142651
132375 133021
74023 74674
311875 312119
39371 39748
511973 512549
229434 229847
261278 261567
450996 451223
400029 400513
853836 854083
857230 857943
738368 738392
747904 748395
811858 812477
805456 805517
17224 17875
429559 429863
432381 432826
631405 631582
112289 112995
409400 409895
522228 522330
900533 901007
460666 460688
338722 338761
603836 604491
486213 486997
725851 726539
391037 391157
548561 548674
897187 897935
13414 14099
292828 293537
509292 509927
196702 196905
732663 733010
896508 896623
580956 580967
884176 884760
601221 602014
100548 101196
465295 465762
884093 884450
311968 312282
935333 936049
826728 827517
361236 361430
333459 333941
647961 648515
204551 205262
121482 121806
665665 666408
163078 163862
586887 587415
837539 837682
935433 935961
31930 32068
441880 442368
645547 646167
726691 727228
813293 813367
793259 793542
75382 76153
305858 306607
581124 581639
413348 413354
632326 632679
215761 215771
700266 700946
535911 536703
671619 671766
71352 71640
588342 588488
714893 715551
847297 847978
636983 637321
839689 840448
389389 389780
82207 82291
11207 11353
953807 954050
53974 54354
834980 835403
227838 228518
282587 283293
636721 637113
904770 905146
990248 990548
397837 398288
229025 229526
278165 278869
816400 816631
672781 673315
295331 296096
122551 122862
327510 327908
22910 23342
938669 938855
559896 560657
599142 599188
219136 219896
753252 753594
401539 401872
97432 97514
952642 953193
109588 109934
418549 418584
379134 379594
381996 382446
643584 643860
346289 346774
143452 144114
2249 3025
924892 925335
143130 143410
19655 20061
518471 518745
160368 160898
480662 481456
261641 262243
668626 668999
659285 659673
403916 404495
111098 111765
698652 698776
66805 66908
655494 655980
344872 345443
316696 317128
210414 211145
606736 606910
628496 628504
260698 261068
120112 120442
15254 15929
981122 981179
945624 945749
130746 130849
614377 614542
574880 575117
868523 868753
627488 628049
236954 237287
546974 547183
84718 85515
74759 75446
259453 259789
445955 446523
180349 181128
285287 285849
277799 278052
548871 549001
47543 47787
561544 562272
410448 410892
219858 220649
273757 273841
985189 985450
393329 393631
950947 951534
981264 981459
453291 453972
757959 758424
330950 331488
670678 671177
99770 100153
687502 687817
359740 360102
508436 509154
3362 3915
58693 58977
307255 307652
491125 491791
922791 923454
334160 334190
609914 610072
858689 859480
568094 568445
224848 225462
712380 713021
336870 336962
365133 365520
363885 364255
900774 901355
865171 865394
137710 138142
771181 771239
705040 705299
508919 509475
418699 419046
333721 333897
553383 553700
881894 882288
16803 17126
829342 830016
455626 456044
907539 907951
62563 63351
759049 759230
932231 932973
453591 454034
849102 849678
57514 57715
507554 508142
210376 210566
502965 503354
85041 85226
268207 268492
378754 379381
860255 860970
396372 397133
726610 726658
135745 135814
285314 285990
788998 789726
663174 663272
777508 778298
530151 530196
52065 52766
752754 752879
719212 719599
690985 691570
266237 266825
645781 646215
817306 817535
176086 176288
461750 462230
375418 375994
253939 254591
631692 632117
864457 864633
747716 748017
520607 521059
82557 83240
958934 959553
552227 552876
22086 22839
995883 996007
287167 287741
67869 68013
698673 699141
409740 410368
384199 384433
96390 96716
15950 16627
695142 695357
607764 608196
700583 700737
195980 196324
314067 314241
868366 868853
127034 127551
861914 862005
142846 143534
29725 29886
392043 392437
575948 576159
792932 793314
300525 301113
151288 151309
482294 482810
430804 430964
878957 879674
300498 301072
769070 769142
3663 4185
892779 893359
253914 254463
107117 107457
939015 939650
390425 391077
628932 629241
596558 596742
376515 377213
114603 114756
32278 32696
808462 808971
608121 608914
892822 893135
600681 601078
754282 754896
742963 743239
469170 469704
405831 406339
165827 165908
854122 854554
228729 229385
346315 346831
537564 538001
101357 101867
537957 538186
898659 899332
376442 376798
735035 735602
411413 411552
369361 370027
883139 883307
703428 704067
993768 994490
935909 936612
704063 704229
154379 154958
284031 284706
974916 975280
808858 809370
90726 91171
584895 585028
164260 164521
515519 515819
486556 487209
866604 867137
318797 319111
642365 642621
709125 709764
13711 14234
116632 117370
418470 419182
851662 852407
110129 110538
230259 230964
329707 330166
991730 992253
695293 695561
443291 443966
778752 779435
993985 994544
551873 552044
938689 939425
978622 979265
685308 685508
542541 542658
436325 436797
674683 675044
6454 6474
197841 198230
408381 408467
354163 354718
147604 148272
922083 922866
654862 655005
803938 804469
37165 37918
516630 517143
169617 170035
75207 75436
997419 998169
955748 955849
773135 773413
215459 215488
636680 636738
488325 489088
444229 444389
812439 812811
188273 188789
343893 344470
486753 487550
727049 727139
695526 696109
360209 360414
825794 825811
899967 900505
551767 552444
197946 198696
185275 185835
757313 758011
587400 587414
92784 92992
33328 33923
760475 760725
664205 664677
940887 941133
210294 210774
591448 591466
304014 304147
716565 716981
495831 495963
225416 225598
628100 628262
541457 541750
410636 410917
238586 239181
599097 599421
397269 397452
69952 70659
961858 962323
520876 521302
705357 705776
662067 662431
698644 699076
688650 688714
634629 634677
591316 592001
223462 223955
620533 621293
721647 722220
982822 983212
547121 547213
561761 561809
568890 569087
17883 18590
788784 789436
790737 791201
598971 599703
980795 980882
346272 346600
863102 863368
650183 650743
840926 841215
300222 300720
539664 540234
770198 770240
629421 629880
104619 104979
137282 137320
443906 444207
951044 951435
237931 237964
921506 921695
166309 166808
898515 899014
738144 738318
43758 43943
971262 971987
378520 378956
559347 559982
824727 825429
425580 425901
903077 903296
945644 946009
760097 760411
640464 641235
342912 343333
465012 465591
550881 551526
766927 767405
989789 990225
459098 459408
908573 909213
329006 329408
31046 31647
869066 869220
111951 112167
90932 91433
513299 514014
450455 450516
263714 263747
233994 234310
316562 316897
659346 659895
492050 492782
288541 288558
886495 887214
711407 711555
583472 583683
745435 745974
832812 833553
754343 754700
913500 913814
898481 898860
665978 666377
540016 540733
425064 425526
852883 853374
446238 446839
604262 604770
969179 969970
271892 272595
837308 837460
148486 149218
654475 654706
803496 803789
133423 133562
527373 528059
45121 45850
980649 981391
89407 90201
367900 367917
343193 343822
343215 343379
52840 52897
591767 592276
686462 686630
504886 505234
233561 234012
439264 439681
129266 130048
581275 581694
715634 715986
996832 997162
968227 968813
433983 434762
925316 925925
651935 651997
782487 782529
66082 66238
977973 978198
434342 434752
704993 705158
656808 656869
899737 900476
242852 243581
617896 618214
910903 911393
738361 739025
448741 449331
700870 701030
40567 41236
46607 47303
307740 308097
690983 691176
344016 344503
724423 725068
15610 16130
190470 191175
545775 546148
325856 326317
131764 131882
645938 646204
515680 515821
47784 47855
806624 806988
205774 205917
966708 967204
465827 466069
116663 116884
919340 919642
750045 750612
642469 642815
733685 734000
169169 169345
857549 857797
62194 62855
876308 876834
218452 218778
664346 664571
941828 942468
635508 636205
165695 165802
157340 157397
379589 379977
896854 897199
505548 506322
754157 754384
470768 471428
707675 708450
311688 312206
326439 326818
89172 89602
732265 732668
481522 482104
679081 679681
510544 510631
352902 353038
266876 267588
914386 915101
478104 478873
730170 730215
348105 348644
389156 389440
350222 350293
448145 448209
772461 773124
534722 534963
513705 514038
63478 63728
862896 863566
990737 991482
802129 802771
669465 670216
405419 405574
201082 201620
520480 520831
853801 854517
271368 272107
492614 492894
183618 183656
713050 713267
445317 445501
773248 773263
855509 856186
159552 160343
505841 506611
653942 654267
587881 588252
44210 44243
248013 248707
295832 296531
749761 750353
833607 834131
263885 264158
766967 767394
863696 863734
617755 617923
447572 447600
550663 551343
867516 868200
207851 208233
352475 353250
959420 960031
332414 333053
763092 763365
512745 513432
402544 403313
785216 785640
403768 403863
292699 293268
413307 413314
833565 834168
326616 327255
256286 256916
923673 924042
523907 524502
45306 45853
760431 760431
959400 959996
580436 581069
839684 840185
185122 185371
980678 981415
950272 950556
565118 565305
121080 121608
174422 174777
353003 353283
813236 813256
665766 666018
516412 516697
370285 370910
673873 674027
159668 159700
277244 277450
413526 413723
709791 709850
801608 801766
240846 241235
212512 212736
130194 130712
273384 274164
325616 325617
595602 595718
745817 745866
270593 271155
652000 652639
795256 795502
635510 636035
693757 694042
629508 629619
900298 900710
126916 127517
535952 536492
748637 749040
75880 76584
336889 337411
559735 559993
868292 868644
367772 368055
619075 619590
807194 807579
870255 870634
48829 49511
820109 820490
911659 912122
393419 393896
260488 261268
806393 806585
891013 891017
101633 102224
861511 862153
295812 295915
956560 957066
533043 533505
434252 435001
168487 168711
672793 673220
802685 803300
743923 744646
409137 409690
544924 545010
538710 538737
458533 459167
251056 251844
817148 817911
384142 384330
813522 813917
500423 501002
680230 680319
691984 692734
556019 556067
768855 769251
285140 285162
768159 768933
355280 355653
704984 705069
299621 300252
251066 251144
113205 113407
410686 411094
179495 180266
63257 63831
714844 715482
165366 165622
606224 606356
854063 854515
642088 642605
87912 88178
875710 876099
769384 769925
196773 197560
745364 746073
83355 84111
459530 460227
960299 961034
230199 230792
755836 755997
973205 973231
96634 96986
483205 483880
35679 35772
63237 63322
612733 613232
913837 914508
511818 512006
280076 280666
472521 473179
651194 651350
579569 580355
240602 241050
383932 384441
167663 167858
126542 126983
751319 751658
766208 766421
351591 352151
970152 970865
768453 769160
635687 635810
669372 669739
500590 500876
770656 771359
918542 919299
788126 788285
497467 497905
599999 600742
999164 999781
170713 170923
634353 634656
318482 318911
36001 36609
362738 362941
541664 541741
184963 185559
104985 105277
461192 461478
154782 154927
582295 582763
468841 469386
843636 843718
390989 391151
73132 73247
683646 683781
832843 833261
230010 230306
184410 184614
827282 827639
262520 262639
537241 537988
956116 956416
365992 366456
826117 826580
550604 550660
127398 127509
280717 281126
900784 901577
560699 561495
295158 295261
847607 848113
802839 803597
168219 168833
994020 994777
123111 123441
675087 675560
67721 68242
892139 892920
202920 203659
401798 402349
456398 457125
437632 437654
600687 600977
864902 865374
355962 356672
549872 550583
178939 179298
950163 950406
224106 224664
734499 734574
479060 479492
280457 281054
958627 958988
589469 589946
474221 474863
106272 106282
36214 36232
250841 251589
223363 223843
451978 452636
86972 87106
334894 334918
428573 428942
613905 613934
144410 144799
150188 150270
55948 56361
270267 270730
79259 80044
772733 772829
901930 902234
640648 641348
923898 924583
434310 435004
331324 331922
745456 745852
197591 198261
694853 694946
232786 233551
201990 202206
797374 797995
618514 618657
947267 947512
447513 447651
171174 171657
891456 891640
592148 592934
489616 490033
504013 504728
343162 343696
966031 966647
319531 320117
846782 847314
754024 754562
224557 224795
652071 652526
190572 190936
647433 647982
821775 822378
621079 621507
823318 823931
819672 820451
949438 949450
46893 47689
909443 910229
733802 734332
474832 475467
315921 315937
313477 313903
432108 432319
554276 554861
77094 77493
178616 179196
836166 836382
847330 847926
30121 30240
388737 388890
46396 47032
489693 490238
258323 258405
265521 265558
190153 190615
172914 173381
496020 496565
38176 38726
748516 748753
285961 286554
637784 638060
420820 421487
57340 57704
130352 130963
455491 456018
781562 781791
344605 344940
461253 461562
973974 974749
664265 664657
914731 915095
614538 614909
655433 655787
276484 276687
926340 926991
442000 442043
233777 234315
249046 249129
72352 72710
50671 50812
990201 990643
249013 249729
950130 950843
959593 960310
609450 609769
729089 729825
647461 647991
645036 645291
789605 790204
203171 203359
875585 876306
899726 900296
386788 387273
384432 384642
804709 804846
107985 108103
275839 276409
638470 638679
810156 810937
450174 450315
917891 918656
552235 552314
320138 320653
863883 864296
48154 48446
415731 415922
258190 258866
733655 734106
768071 768799
949528 950002
237600 237689
448234 448747
983528 984061
408225 408539
523841 524448
787896 788080
111668 111834
418333 418839
851279 851283
702972 703306
420477 421162
84263 84670
964000 964199
215359 215880
910061 910725
734209 734770
565987 566174
116272 116482
792682 792791
352794 352996
579236 579784
641674 642173
838803 839313
98090 98223
95111 95454
479379 480139
622945 623414
715539 716315
158282 158824
60953 61642
162057 162642
374975 375353
957253 957751
598581 598979
8791 8829
864262 864811
875018 875304
223017 223626
123218 123643
312359 312411
898311 898985
872323 872770
915420 915805
754411 755137
120448 121101
728474 729113
630449 630720
965607 966016
796087 796249
659725 659941
644932 644938
916984 917415
925990 926553
399881 399952
402887 403506
784582 784785
731777 732457
800961 801191
711265 711318
405539 406119
82263 82384
179957 180747
760023 760325
585995 586524
529135 529694
698574 699364
392837 393588
173028 173679
977773 978100
748509 749157
863908 864011
666461 666988
641644 642138
877697 878099
325124 325625
72176 72840
439714 440295
77663 78009
704816 705497
78369 79081
958369 959039
193802 193811
821390 821396
31262 31389
777586 777710
750426 750787
924798 925152
127262 127488
726201 726960
296406 296989
900856 900924
848900 849625
361270 361611
437964 438236
931952 932693
310716 310781
194368 194706
642293 642988
269843 269890
367002 367464
471305 471905
956692 956961
800265 800297
943135 943560
988383 988646
903925 904284
701523 701851
209077 209236
196934 197108
345360 346060
827467 827473
724080 724432
19456 19983
632740 633512
592840 593526
256428 256648
546471 546821
100062 100375
804857 805022
444275 444668
298863 299473
679570 680235
570727 571018
534614 535056
454055 454330
504414 504415
324277 324996
140369 141050
512246 512271
176011 176766
959137 959559
965225 965814
122655 123378
731437 732030
545890 546519
246446 246450
501791 502124
205312 205343
527081 527746
489467 490149
577931 578163
252074 252174
142274 142440
664627 664914
693781 694186
371166 371239
536210 536751
698659 699304
658598 659232
60981 61389
259544 259691
549605 549860
261922 261997
557428 557745
361261 361405
174488 174699
512265 512378
622602 622770
633030 633555
46826 47282
424689 424951
758576 759353
827502 827907
886736 887096
418799 418822
96841 96923
37838 37970
633770 634409
470317 470541
981313 981401
982567 983089
350146 350587
659506 659781
858640 859106
859412 860093
127723 127762
142527 142992
175062 175118
660395 660701
158787 159389
382158 382876
569406 569666
372346 372742
112851 113017
751219 751843
165980 166672
512267 512792
873323 873867
827101 827630
569201 569558
464418 464736
168169 168809
227347 227499
119363 119996
473275 473845
882416 883056
256408 256923
4231 4345
431055 431710
766131 766317
735945 736553
952985 953677
772909 773352
556969 557686
541147 541578
359872 360198
572866 573329
845751 845774
611551 611872
207693 208094
628148 628387
206476 207112
172320 172699
721434 721529
416640 417392
758494 758555
70978 71221
396428 396904
515777 516057
52815 53425
795170 795443
882610 883114
893610 894187
332140 332924
235866 236329
729925 730344
608008 608542
632713 633340
695195 695540
812744 812983
80226 80310
23816 24317
556050 556288
664520 664697
621979 622661
770289 770869
532485 533153
575643 575963
459948 460133
834905 835368
731349 731900
729250 729526
481324 481919
936925 937702
86748 87518
269960 270575
708010 708233
628997 629578
37070 37857
529154 529753
68558 69153
214755 215386
371065 371532
222254 222447
738525 738613
646387 646700
158374 158546
951126 951549
817108 817246
375611 375901
875479 876015
243980 244407
641386 641599
127753 127929
419433 420145
251821 252222
59248 59368
160537 160856
468497 469259
767904 768512
10417 10966
826607 827295
152257 152803
114454 115127
870292 870482
55766 56217
124417 125090
670889 671143
325303 325808
66857 67013
832439 832967
280062 280738
715795 716048
642728 642857
821250 821560
210597 211078
909052 909151
405855 406392
158328 158597
890325 890587
243776 244181
415973 416307
171309 172014
660051 660760
642149 642166
690584 690627
932333 933021
538473 538876
937933 938291
570691 571170
512223 512425
112400 112503
425330 425415
226137 226161
453281 454002
555720 556513
383404 384157
227993 228225
459248 459882
795229 796000
969672 969799
602762 602989
535455 536041
727490 727621
815920 816614
192669 193435
985308 985622
583670 583948
875367 875399
891792 892033
640208 640707
377667 377793
369003 369474
544743 545405
283517 284111
842747 843288
576595 576795
221971 222650
209408 210116
217532 217619
29521 30275
347820 347919
71790 72217
313163 313310
337839 338422
771864 771937
964792 964910
78042 78196
952691 953053
349540 350270
975049 975637
153987 154457
87804 87851
14535 15042
177700 177862
746476 746752
377220 377730
383940 383988
35752 36487
840162 840356
838462 839246
87013 87687
292205 292396
210400 210737
474102 474406
555010 555036
826694 826995
63623 63994
900566 900976
477146 477277
978751 979493
328229 328674
512957 513051
480599 480994
391167 391931
696688 697270
421607 421828
285100 285869
90564 91093
841578 841680
209898 210581
514679 515311
680235 680482
612988 613523
703604 703935
127809 127907
470054 470236
144444 144595
808304 808518
594458 595056
523302 523468
380425 381069
580000 580596
869087 869098
281936 282592
121643 121961
428225 428385
59382 59439
400489 401177
441141 441276
905932 906035