348 932
75 265
401 914
423 938
695 965
328 397
335 598
366 654
255 443
236 958
51 259
74 409
913 972
674 938
116 896
399 512
243 776
509 825
176 600
140 798
125 294
243 888
254 811
605 897
484 508
563 910
95 988
7 670
343 959
296 426
591 807
824 833
1 583
110 693
490 600
245 602
489 967
129 487
94 735
734 954
296 571
665 863
283 885
23 593
227 318
18 169
125 193
59 354
46 193
144 520
121 888
388 854
875 962
55 334
67 961
8 531
223 714
195 996
107 569
685 940
239 957
363 854
207 502
46 773
292 604
190 491
577 765
696 726
30 803
132 764
96 140
162 294
714 841
157 820
97 761
856 999
405 709
713 906
267 485
871 952
129 493
361 893
69 409
224 970
101 438
885 987
240 632
46 305
555 824
476 937
3 332
407 935
392 648
11 665
484 968
881 964
460 593
856 880
1 825
103 790
278 441
675 869
72 73
174 248
649 978
184 980
332 471
724 739
118 403
734 953
722 966
181 917
124 558
412 911
301 515
52 578
78 955
379 446
150 971
127 979
162 620
459 951
197 632
26 101
111 951
406 672
76 322
204 986
615 797
248 449
299 481
26 788
377 824
518 878
496 794
356 765
10 814
68 993
93 362
94 312
499 556
335 631
172 538
320 968
215 505
337 769
146 866
124 594
321 642
115 471
489 826
231 498
298 992
353 491
584 743
17 298
351 434
280 957
241 248
628 745
396 814
81 679
557 894
214 624
94 198
680 686
272 911
263 536
26 208
950 967
961 983
247 746
334 527
574 702
126 681
670 939
102 429
322 970
593 658
207 535
39 567
245 310
477 780
36 924
805 890
765 986
584 873
510 558
462 563
131 587
152 243
671 878
199 253
263 344
143 231
181 469
713 797
625 842
765 844
648 660
42007 55997
16879 36764
21933 30625
20788 48394
43270 64539
31333 64782
53421 62562
12804 58025
86500 89112
8287 77254
21108 73730
77526 93787
37172 80628
21150 45016
1161 12745
48015 54751
57158 84779
79090 87981
8768 15403
43835 96294
52037 75167
21809 77427
54080 90230
43191 79833
4472 93081
36797 66810
25579 30583
60687 79102
27562 81836
24117 40306
72132 99349
11408 56506
15740 73262
5016 35595
40859 95781
1309 9247
70948 78735
31055 41379
27240 85317
78397 84570
21366 48063
45207 73641
22245 68300
69094 95861
20433 93211
19781 52519
63926 81694
54955 76286
28232 96018
36876 59970
24012 61279
11311 46123
56365 93529
41681 52690
37120 53611
20078 85182
81636 91328
59627 75174
3880 44268
24312 55487
24357 37478
35523 60444
4635 36729
652 90477
66798 81312
5324 53879
16353 28076
32986 84441
2027 9882
42473 47001
71989 78902
48535 63316
23708 76889
22942 80769
67975 94781
21432 21804
19137 81876
40123 57326
34956 64154
16268 40774
30952 94653
37943 75379
27357 87280
37238 76171
18644 89307
591 61295
65477 97545
40963 90786
80256 89184
71554 73511
9337 75036
10525 11666
7564 85344
42520 50647
7773 49497
75139 96800
18777 29433
46133 72179
16712 48349
22370 99723
313 83344
17 97241
40979 65789
71324 88026
21234 75931
12622 61186
72852 85267
9183 23146
58195 90144
24043 68054
14268 43192
20843 33044
88976 93021
5687 95529
57721 95251
41065 44409
11915 44425
38305 94055
1755 26330
22988 65378
2260 26564
3878 51961
15767 91458
13060 73961
81602 97465
12221 14355
35197 40656
45265 45983
40793 44569
2290 51670
12430 36043
43354 64309
73206 81658
58363 74960
23740 24339
14299 42950
66260 66655
46827 82421
57717 76239
39318 72733
73703 87088
30711 67891
13155 38636
76693 83205
44714 70299
22693 85494
45199 57143
30348 87001
26856 45363
21659 67546
35958 85454
10495 68461
2217 57321
50881 59933
39966 49911
15603 23614
43405 83493
70676 98392
12999 47368
81596 83297
8434 83441
5989 65576
9341 28639
12276 71846
50286 54703
39391 56508
49885 86243
24968 88459
23558 75849
64744 73468
32166 80346
13433 91922
63838 84108
76836 90313
47828 71909
56261 76484
71701 98824
340 38188
8164 66815
72185 79218
11576 17101
3343 35725
60693 77812
1369 8154
52893 72897
85058 91189
4621 53242
33431 93331
5081 83643
26618 52908
3101 71903
25520 43604
18276 63707
26439 43943
30522 32479
5656 63974
41380 44054
21866 67316
18424 75469
39586 71316
30774 64717
17958 56373
51747 66055
56827 67740
49698 94357
9734 21600
13809 35253
32084 65203
15311 25497
62184 74874
57976 96881
18381 26157
9825 38261
56598 56684
85293 96184
44352 50010
17076 43309
84319 95055
68411 83131
32828 51881
62767 77966
70779 92928
29570 35982
41363 44881
16237 77830
7064 35805
13117 49573
54186 67729
27135 59397
40765 61041
23318 85116
27402 66627
2191 11721
1673 61681
29914 80131
34500 59249
5279 7879
53801 68528
9891 57612
35441 98681
22096 42479
71947 87598
58135 88020
39676 47416
85269 96792
8457 24939
35858 98259
16801 91565
63930 69597
18474 60412
15862 69325
19661 40093
74603 88188
48566 93893
8925 14430
359 56908
4308 31020
28855 35392
62442 84882
64062 82807
81673 91263
89000 96283
43473 96916
13083 23754
47908 82865
84166 98726
17233 20178
8187 55170
24717 49062
39147 56753
57986 73463
5358 12406
41260 77770
40211 40749
39907 42493
20624 40517
9624 47522
36799 90994
6539 49882
5755 14747
15264 97789
20833 31373
35441 76002
39560 60158
25064 96312
15656 99401
28061 69774
21110 47543
61858 85673
4105 28165
1765 24728
49286 68682
5480 50703
56631 73594
71713 87729
79348 85854
180 2993
33578 54785
73137 92534
14942 33949
30597 85800
33349 55573
54459 75010
19467 60682
32668 39923
50784 88846
73879 81003
16421 31705
73051 95711
5298 83775
77132 84646
85980 96476
1177 19558
51260 93710
66202 92694
27658 78494
13150 77359
50418 88159
31817 86237
65192 80836
26159 70390
7161 47972
44268 64392
38866 56330
44163 53795
30926 40105
26084 45160
27401 46337
45641 78660
54687 56398
61213 84056
33180 90715
61414 99949
9582 95225
60417 86185
6769 12344
30806 54740
19504 91425
19132 74721
47755 89278
35236 87859
36555 80395
30294 63955
43083 92287
58966 99481
36531 46973
96504 99888
27245 77653
22469 96452
82637 87234
10354 99237
30042 94980
30835 65094
577 37819
21908 85573
57143 89854
26408 89783
20076 37537
6714 96972
12362 82031
59334 96452
12691 18561
55837 62157
68641 90343
978 93928
214 51277
4281 62608
46608 85726
9794 84426
31701 86302
69998 92507
59780 88843
35266 42732
41979 96207
8569 39703
40362 52506
58922 84254
56443 65196
37431 55538
25083 38408
65817 92711
38621 70097
55318 85228
55823 65111
58476 86005
56002 96812
2006 67335
2600 32133
28340 44737
791 44579
53260 84940
37513 53296
18491 60213
10307 97643
35389 90380
52402 56196
7375 28099
42645 99768
8954 14819
64879 94959
73294 78042
40628 67312
80047 99445
24784 59580
4158 44136
25574 97395
5449 95222
34907 82013
30064 45214
36796 96008
48409 96954
41405 92991
51987 55783
41172 81089
6050 66805
56451 76047
43358 84091
13430 64138
59154 73009
3289 5273
47198 93518
683 98966
42419 51942
72483 97331
13507 93338
10460 25630
18620 58098
30233 51864
86959 93036
11321 53763
15437 87367
26565 99528
39995 47076
6230 80017
1641 13003
9518 22873
26553 48838
7609 38190
35520 78494
92000 96443
22072 28857
3307 18811
57043 70675
33539 44001
44859 80062
95498 97764
40680 48577
11377 95652
80674 91393
10029 18233
44103 93033
49253 58223
70655 87442
65500 65831
22962 62273
57499 68170
76309 84344
57738 71476
21366 63335
1739 43396
15854 66224
31152 38894
50270 56533
26804 53559
58015 61388
67399 79939
5490 29191
25621 92496
7803 16632
39593 57995
31845 86427
24115 87122
8154 11942
44860 87840
33308 46598
15883 31236
62451 86481
35335 47035
53102 90190
11116 88893
51577 68831
73419 94867
36839 98021
14653 65914
40261 44642
31068 70597
11063 72105
18190 96610
23005 63049
72664 84450
25998 32037
88448 88546
18517 51932
40134 87970
29027 42121
10050 15438
10304 97857
12230 83468
47142 65733
43234 91783
813830 922345
139203 394450
41245 857392
364249 707411
736792 791860
362789 653264
658161 840248
167588 475116
10093 607721
52213 863086
253099 478523
150956 778614
678433 705178
652319 979537
22770 344166
160454 782862
352951 816008
177311 394195
189751 401074
274795 926542
709285 928058
549533 805682
102571 489621
24648 112663
404085 613693
681227 866792
398959 459841
104136 534099
138273 513635
272807 998790
536404 949612
298004 405706
765619 991666
471721 799901
74695 392739
102024 914614
519105 720295
167908 621675
192555 726267
250689 339959
112992 448267
206750 511950
424459 740848
79084 616086
254482 405244
307237 594225
871207 892228
229295 636825
29195 883894
108545 276632
23158 620241
378655 655697
259804 546562
793723 986070
44411 255469
368460 842380
9030 49130
396761 433488
529198 789977
512571 560811
106796 934441
384399 805647
613693 999023
882916 958823
159239 583719
159548 779480
54554 123228
899383 951528
117468 745251
401804 889288
244184 306013
257747 315042
293313 654507
264882 599641
183705 777452
160451 634497
61202 884247
399622 956496
191246 915318
350485 798889
15389 958436
138616 646316
529342 597843
163161 554351
343093 956154
52448 165458
200337 310194
493649 996851
261732 481052
181108 609642
39184 286444
331957 439782
288452 347645
355755 538891
154644 720121
405727 735509
52042 629431
158772 390477
649884 944827
321932 509329
417332 890731
191138 617669
187988 717276
198328 627669
237310 449720
5255 895787
40106 744095
387750 961388
32546 833495
442992 752667
365070 988138
4527 617568
417111 911355
292692 583347
130975 856181
273513 609027
21706 800164
407533 738981
35201 988151
453660 954222
788863 865799
475828 828968
609893 953568
642439 733069
692413 787062
775199 911457
57482 432335
909118 990945
343690 718161
574291 716222
699669 849136
387193 506086
499832 913618
4334 126173
96185 465171
474908 770385
950735 961983
115704 571875
365124 420654
207715 730665
57536 158473
499265 631370
408383 590808
138666 934497
126543 229308
492030 650718
673156 928976
428807 879222
521747 586773
568295 949492
424399 617931
96265 338679
891486 970734
184491 312139
335858 915156
393393 519854
19118 73628
541114 664435
679779 943852
115283 586747
282353 909086
78776 354413
955508 957998
58632 299571
249063 996096
130378 626927
481957 673461
81298 226642
411132 452691
393437 788548
429642 842639
698292 916267
239406 965111
97053 908963
435536 728688
495709 860974
11040 574484
215386 966547
48833 514957
25178 561280
168456 280371
470183 691657
434650 650413
103103 551481
461269 845782
204772 891650
589941 890910
637390 856020
345698 734443
764982 781234
777042 979482
158559 990521
867878 890296
473419 916710
14948 921604
201974 994342
183404 685998
350168 672157
637000 739989
453270 999133
201257 861271
203904 92166
451211 841294
464537 313261
92088 229519
610846 71569
522912 769404
62089 390789
176051 51859
823851 97655
66806 818192
815980 766561
20541 488136
116728 657540
744476 86349
656672 945732
947619 860576
554249 915182
218221 18786
744794 310308
764656 355639
381876 287567
641394 960316
678356 817444
528526 502206
915098 111683
836749 731078
878244 857289
735565 511323
31181 996393
597672 687852
458476 61642
64779 12725
493175 282999
547862 237968
109658 312517
593606 7885
116435 751351
968200 794790
568795 13077
813347 244
124760 166447
247673 3003
540088 499590
30677 571268
495982 144700
775471 954457
722694 840250
483533 215868
639600 31394
453836 749258
860262 563793
273494 976697
315144 241694
287838 883938
771122 101185
400533 895881
783983 648206
415235 324070
664147 445912
895337 160128
106963 187160
630936 829656
27409 114469
45524 183360
662214 499359
932617 522476
579503 206111
499172 894646
964156 787009
778583 251629
404545 695468
147510 704880
343673 562744
28949 7819
525007 440638
684298 631970
627797 831585
977977 171557
462405 23500
354916 124619
39210 803885
163446 618713
526347 178969
513358 6854
482329 808293
258482 886874
503760 405991
108105 363784
485087 137053
887954 526445
94042 88603
158414 721838
920187 652743
409746 382592
676242 764662
23562 231804
568546 187007
850516 94892
365975 880225
