78 231
26 160
39 388
11 131
70 446
83 424
10 350
97 98
96 459
65 146
92 70
17 305
21 265
11 405
77 451
81 2
19 379
94 369
38 90
41 44
35 396
12 37
46 459
91 357
10 162
47 330
99 329
26 412
94 315
9 297
96 421
82 451
15 302
7 211
10 23
96 170
88 418
48 376
33 276
87 178
29 463
77 35
46 190
67 358
41 158
60 415
44 263
74 389
99 457
39 62
13 289
74 148
70 172
19 84
71 490
100 293
74 281
87 499
33 385
37 475
6 388
40 162
85 415
88 18
74 287
44 344
97 438
25 188
24 307
13 414
12 89
82 113
5 452
20 306
96 14
57 179
22 80
88 268
91 177
18 123
16 217
38 224
40 307
8 317
2 77
29 245
48 448
89 128
84 405
61 131
19 456
64 102
24 159
13 421
86 35
52 433
18 465
38 468
36 316
87 183
49 285
16 177
11 197
77 357
81 127
13 71
13 128
32 368
65 415
79 486
62 91
100 158
28 253
28 400
42 489
14 318
53 424
53 76
93 14
91 376
40 322
78 377
88 294
79 5
48 490
93 271
63 242
92 368
80 236
28 117
90 421
22 63
12 452
45 239
74 224
45 105
80 174
53 426
15 482
80 77
61 44
12 447
56 128
6 385
73 91
49 311
44 377
93 44
49 115
56 157
21 323
37 256
81 96
33 425
69 84
99 228
33 239
51 222
11 433
24 59
60 253
4 281
24 481
61 206
13 308
41 51
40 170
14 397
52 342
96 467
55 23
69 150
91 181
68 145
30 184
9 464
83 326
100 279
30 241
49 321
38 76
93 68
97 303
20 84
56 151
79 339
86 16
96 427
28 345
93 32
39 366
21 34
89 350
27 430
29 316
37 473
99 157
68 434
5 316
79 405
8394 5592
7334 1494
5380 1527
694 247
7387 9372
2186 8822
596 2995
8900 951
8295 3718
3138 6130
3499 5416
7769 8286
5309 8110
3773 4761
3421 4110
7135 5684
3445 7119
5796 7499
9798 4688
6077 9379
2352 4020
1048 8891
7598 1579
3987 8197
8940 2061
3432 8430
9575 3343
5545 5977
2671 2199
4697 3642
4603 8556
757 7709
9753 1047
7165 6295
3776 8950
6483 8069
9252 8447
7343 961
7845 7266
4956 2339
1381 9047
8163 6291
7700 3062
9682 3852
2026 9301
7704 620
6992 1196
7312 9
619 1156
9479 4174
7094 7406
3371 8674
3610 2129
6835 8809
8493 9115
3893 3028
6533 7128
9560 1188
8359 3728
8982 6172
8049 5611
4253 52
1040 7632
307 7466
3902 3563
5204 9731
251 396
5722 7247
4087 4844
4439 2682
5322 3707
1041 1006
4688 6549
7274 662
1268 4275
9611 6014
184 8493
5341 4102
2974 2013
5684 9669
8231 1967
5129 1818
6533 8468
8834 8702
5694 1606
2720 3941
4832 6726
3172 3492
1755 8881
2190 9388
9936 8017
1780 1604
8052 5663
7676 8181
2752 3527
4886 2302
2089 7764
7609 9192
119 442
777 596
5748 6146
7489 1473
4130 640
8642 2698
1993 6336
3800 2043
7773 5167
4997 5699
6168 6422
5165 6469
5993 2609
9998 8234
4648 6590
4873 289
6532 5825
3713 982
6267 1700
703 1648
566 5836
5424 8467
7999 1127
1900 4374
2048 6017
867 80
5897 1221
4837 6508
6572 5985
4782 6219
1369 6082
5629 5512
897 4222
2752 2038
1946 8465
4798 8406
9022 9615
5008 3093
2720 601
9965 530
2780 6618
8096 8493
8474 4225
6184 7259
7919 9657
9548 4582
527 1955
1081 6002
2179 1797
6969 2506
1858 2124
2561 5832
2608 6749
4696 8371
6016 5258
3919 4947
8663 3248
8578 128
8095 4204
3177 7320
9300 7086
2731 1696
4383 6117
3600 1394
9820 138
6192 9412
6618 3513
7629 5433
190 7082
2107 5905
7716 7822
7048 6972
2644 9365
1211 8011
9597 3836
7005 247
9184 723
7374 5083
460 4989
3398 7580
1777 6769
5370 8602
4803 1117
2150 6046
9901 1050
6317 6819
2511 6266
8410 8977
2390 9598
7745 6052
2679 36
5000 3547
5351 3326
5148 29
5578 2558
9617 5350
1302 4413
7401 3742
4019 5771
3440 4539
9617 2240
8386 6477
2294 6945
233 7335
675 5278
8119 1950
8834 2825
4061 3977
1950 6273
662 5864
9182 3644
355 9842
7007 4611
5443 7654
5565 775
1326 9395
8814 5985
2286 6035
3980 4263
2459 5938
8749 651
530 9564
3873 6045
8385 2852
9911 3073
9809 5410
5643 4603
4416 8308
7088 5623
2731 6709
1158 7861
5428 9562
104 529
4150 7113
2885 9761
6130 1637
7753 6039
9236 9988
9640 2022
743 1313
8646 818
2866 8573
5990 5184
6462 8561
2237 3612
7284 5790
9617 9642
6776 9701
387 3284
5692 4115
8886 5842
6770 9524
5948 7223
8035 9369
8492 1848
3605 9124
289 9527
2555 735
1314 1470
5759 3020
5545 6488
9669 7143
7363 1305
9356 1768
9795 605
5958 7093
7315 8798
6609 132
4792 831
4049 8958
4256 3125
9212 1791
1563 390
9586 4474
2771 8089
8343 1690
2858 2781
7391 7075
7119 7158
8709 4758
8492 7121
1575 371
2510 2953
5841 3769
34 402
964 5561
553 3347
2211 4745
3607 945
9498 1620
4334 694
892 2494
9170 2112
9655 2086
7593 5477
3158 9844
321 7765
3827 3473
2461 2344
6390 5830
6110 5894
8927 4333
1946 3557
412 1236
9563 5517
8871 272
5654 9464
5424 4189
7367 4597
9698 19
9734 5371
8564 4613
7960 2058
2222 8884
1764 6094
118 6544
2847 1021
4710 94
9623 8463
5276 8372
5385 4478
4606 3217
1328 4643
6407 283
1115 4415
995 4288
185 5723
4643 6350
2211 8279
285 7390
1766 6863
8707 3450
3723 1340
7726 5456
6389 3190
3238 6750
4903 6871
5265 2141
4863 1467
9767 9179
9283 5028
4829 5008
3078 3321
2230 2530
4567 1886
9858 8500
6455 4879
3409 4793
9941 2871
2649 2998
775 9309
6064 8214
1751 5517
7382 7815
9048 5109
5233 737
2627 6790
9847 9559
4690 8602
5634 9542
8504 9109
2915 3978
9180 323
9174 6464
8896 4289
3309 1558
2098 1032
4491 5455
6366 6420
9232 6083
2782 4196
4940 8242
1055 2569
5666 7225
8065 6929
4170 4973
7690 333
1059 3621
5928 7774
3219 9860
1170 2239
3180 1971
4761 5276
4686 6094
1744 6064
9571 8885
4309 7996
8314 2066
9643 6707
7667 9738
6037 66
6084 8940
1985 1357
5238 1447
1327 9957
2463 1529
957 2101
9036 6929
8097 6476
8923 8598
609 1253
4787 8368
7394 3937
9440 8052
6043 6439
2063 4958
4229 9793
5170 7223
3057 4440
1264 5077
7558 4362
8220 1842
5974 1063
2960 7588
5324 8796
6247 3499
4053 8598
68 6042
120 680
8018 3821
9346 4904
8616 2809
546 5235
4504 5329
3326 8161
5669 5524
8689 7411
6111 3699
5265 985
1165 4288
8993 512
6549 7523
6176 200
8986 7718
8523 6932
1027 2496
7766 5675
4 703
4786 2203
44 4238
6284 9789
2778 982
8866 6899
9468 7553
1203 5582
7525 5785
4721 9309
9082 7471
9253 3567
746 5384
6496 8521
2456 834
6698 7108
6934 8516
969 2861
3087 2611
6494 7264
2929 2113
8639 6575
9014 2687
8317 8219
2158 836
5891 9750
6282 4198
1258 5839
6791 2980
1338 9452
1972 6534
9249 918
5442 7644
6249 7278
5448 5268
6506 5710
8400 1191
7836 2650
8754 2243
918 1316
5530 3827
8392 1791
8376 9289
257 7788
9541 4510
3006 5808
1661 8065
5520 7751
4413 9483
7033 3409
777 6116
9666 3434
3178 9102
2108 9608
1651 2606
8481 1773
2207 9803
7398 9452
1417 7119
1296 2937
8728 3482
2527 4329
6164 3798
4091 1689
3513 3526
8954 42
5767 311
9980 3273
2195 2680
3203 5373
4350 1142
1586 6250
2016 9200
4064 5250
2577 5962
1785 1051
7156 2796
4114 7740
7376 8122
2391 6225
5004 6767
9602 7101
7510 4386
4218 975
9952 1659
2086 9294
9927 2751
3868 9758
7073 7382
7899 196
6035 958
2209 4982
8525 3129
1978 4619
7939 3217
4806 4578
7720 5307
3093 2687
857 4665
8241 7728
9411 7722
248 430
4018 3004
7221 1278
2711 2002
4602 375
3428 7904
8988 1758
2920 1891
9899 1436
7410 638
4957 9714
3171 2798
6694 9235
6405 1071
8405 799
3122 456
2110 9601
3698 7410
2063 8222
1428 7046
3090 5565
424 1587
7118 806
8007 7983
6314 1955
7360 197
4895 1411
5568 9325
2825 877
2941 3561
2586 7378
6367 9195
5611 3499
6092 8068
48 4274
8174 119
7174 2556
8674 2252
2395 2643
6016 6049
5930 6914
9954 1611
9410 7626
2212 3354
5811 994
7942 1370
884 2875
7952 2438
5651 4449
7843 6583
5354 9725
1224 8298
9130 2391
7543 2959
4103 3881
2902 4893
5920 2975
5468 8724
5369 4667
3217 6954
3191 837
6996 4887
4055 9727
9496 588
7611 5750
1612 7886
3010 3300
6278 8033
9683 419
4859 9663
2006 7292
9517 8920
6751 8157
5170 6499
9815 5305
6189 6786
3545 2938
2219 7507
2566 5121
5883 5331
2774 6446
7083 8558
1340 8363
2508 8225
6356 2978
9329 305
3803 9824
4153 6436
8539 4913
9495 716
402 5706
9290 8356
5230 6533
4062 9299
7031 3943
9758 7726
185 6142
883 6058
4012 7910
1822 5583
1762 4315
1854 4856
6764 1336
7087 5702
6633 2270
4159 8548
8220 4880
1022 8758
1625 4939
7650 6059
5613 4979
9875 2129
4999 9241
9001 8807
6342 4760
8321 3021
1200 1759
4038 3432
9003 7513
4610 2179
1772 1144
880 7247
5675 8368
3116 6314
5535 479
6154 1117
2811 8826
6208 2352
5028 1123
129 9880
5662 1479
7191 3185
5730 323
2892 774
5886 1735
4245 2701
4889 1427
492 1008
3105 9854
6360 3302
6451 9605
4107 8896
2518 4592
2552 6479
1077 6320
4207 9794
535 1029
6630 413
4429 7452
6261 3510
9591 4774
1214 5449
9315 1299
6904 1484
451 3485
8599 2748
490 4498
4105 6614
6914 1689
5887 5682
61 6997
4470 1961
4983 679
145 5127
4004 1517
1861 1771
2043 7913
5136 4012
8446 1149
2759 4582
8613 6834
5787 8434
614 4984
743 5987
8820 6088
1481 5341
9089 597
2122 9936
7776 8528
5404 6658
7596 6139
7855 1834
190 373
816 72
8111 8644
3102 6323
3147 7137
634 9787
1294 2349
8890 380
9886 5314
5562 164
2452 6852
7217 987
3224 5990
9003 2961
936 3657
8808 2294
9924 9214
7376 1955
1689 3133
7105 4166
7529 2894
8759 3626
5203 3461
7302 9109
5765 5883
3735 2555
394 7735
269 6991
7969 1947
1426 9850
6748 7947
5187 2084
5185 7064
4181 7199
7233 1066
3203 5508
1586 1453
8917 1749
1788 5026
2110 5441
8188 6903
3442 9446
792 2049
1970 1520
6448 9348
4150 624
1101 165
7174 4728
297 6103
644 178
8154 2641
9721 832
7740 2769
9803 5359
2202 8042
119 3637
7545 8009
5697 4265
849 9446
6342 2497
8713 3349
7194 6982
7054 8299
1074 6325
2768 3518
3632 7391
7801 8518
6071 4847
1338 4688
5370 4395
3539 6145
1973 3204
6015 7798
1799 3720
8058 9082
4683 5639
7984 2834
2210 8706
7556 4242
4766 719
4985 2146
4301 7673
