667735 57213
190304 423800
333789 489221
262180 357629
132590 325729
723490 868339
670574 50885
984887 298744
843826 495431
260063 692735
788090 478664
723827 141593
333068 32796
632890 480967
722016 204133
949065 53515
741255 464728
27365 947592
818016 373585
880158 84091
673171 135385
703179 149635
691766 161605
139755 86229
206713 185790
816669 864971
658406 605402
552319 867247
674518 283742
199360 788091
907855 109694
482486 625562
682317 147762
53479 720201
283255 766422
237863 727354
971042 224457
250075 90731
731469 216464
998015 380238
265277 285224
21451 701131
127158 545876
427369 379930
560085 494943
420574 336408
1203 275667
409677 608944
829287 439496
922211 313977
84520 12454
997544 373012
982383 784487
956200 625029
211109 829877
762744 973612
207642 35841
452073 108371
161037 59134
393999 930021
232026 340178
546990 916782
985800 208867
794170 176165
463811 538429
128165 824880
873282 198389
172006 743586
711106 272145
560389 557876
523148 413131
981107 309642
994502 183221
377415 419322
861347 669215
122499 731133
757617 486476
263813 828818
667686 559130
349650 21131
565544 853612
242085 803503
200518 834611
226874 628527
944152 47312
651798 956566
695934 287500
247597 968500
778470 399208
827148 415732
856781 204961
89163 202472
868585 641300
549025 718361
911730 767873
964293 42657
543766 562231
10017 744399
624259 600481
59550 122269
106284 562475
351177 760736
811274 950597
523012 716707
687748 93373
671309 626721
327437 251573
658297 488202
214454 244140
206346 7188
648840 133884
191443 122195
559684 993469
791110 255703
750786 616654
994209 296583
339539 619886
510055 632969
681730 378115
669844 838867
305524 357415
279483 164179
822094 341314
357111 206002
956761 390929
709306 421390
489121 294235
129404 724429
181954 534777
726150 875049
947366 320362
583861 200202
424679 377541
814840 124145
205639 850289
269797 295249
563216 412614
66047 500593
951785 746294
866657 885638
969718 189189
620959 579634
317171 404145
954667 166627
105110 179098
490978 564006
932175 430787
646964 85653
879572 393667
644385 829827
786093 402074
198179 955880
22139 147747
977442 229989
766826 621220
132922 789120
154636 406409
776427 449724
682013 840530
888255 44645
472669 447234
179522 529243
218357 71053
608975 223839
679441 645460
424077 941193
198015 103733
656700 36077
341294 139404
785531 571838
392171 397628
558457 548252
680825 738462
786453 977721
515129 657761
604842 87974
569547 564031
96129 460158
878699 361812
576386 703135
808082 879261
887782 292722
180305 556035
440516 110512
876534 657915
714064 674126
675892 728098
341229 545411
523548 60680
400448 762365
578385 840463
612691 532478
874885 514766
611709 965449
373750 491030
581388 662518
862662 800198
841399 988210
858796 795919
327842 702337
850185 122422
785049 429751
139949 894986
280516 878012
546548 707796
536459 698731
554538 576383
202102 120160
805734 128857
988466 658373
129512 391727
385147 953634
801772 556885
510713 710193
458004 749859
678177 602769
357598 964202
874934 270306
609093 197285
226784 427366
567496 789998
163110 750949
706911 825904
946358 331633
185090 541885
526142 296748
427563 31017
776359 261070
98832 310109
205303 827965
825984 218565
119735 88285
221470 553556
334466 867328
299683 296935
11071 402708
861426 419727
956990 987610
451451 13983
471164 710019
140968 877369
199380 138446
365234 441473
987978 392960
88196 150345
179256 440879
646266 98984
347929 517813
198738 89610
627102 31879
100136 77996
201067 531533
686083 23824
419639 27892
648854 655694
718021 499705
601779 904299
978610 795217
669169 596276
240179 396082
514856 587441
534334 470755
737750 321146
70425 966316
885792 771380
562214 976547
159076 476072
464352 49332
655049 645657
924064 154936
498119 150756
706083 985586
393980 679472
821137 67179
983872 991398
972405 153778
617645 549598
900341 987944
647845 386474
621209 240401
169669 333388
952019 111364
11470 770874
745418 744425
696340 61542
186346 107610
443598 868821
208439 555947
90168 625521
455762 708866
499967 291027
414095 609174
700668 983731
856730 294040
604724 592641
874045 102346
83575 354498
146873 358927
876628 828340
268931 538734
28914 253963
891510 898749
728479 962799
713876 508148
173235 608109
744761 66861
63225 841767
906595 956762
68944 174826
255704 9712
844154 542005
110910 983527
74099 240951
214699 774524
665446 912354
918979 460793
164336 90876
471589 138678
443762 221533
133807 768088
235611 90967
836659 101858
544243 546436
652778 281307
12053 19214
523825 837509
520338 13258
612705 403941
966665 16290
307419 704280
28290 503464
906145 57231
214910 713402
371841 220324
802661 310354
687570 45852
792087 103641
468619 225967
970780 800995
706356 184702
488062 339489
583300 288397
549956 343228
427088 79640
499919 988387
708360 705395
128014 467065
329942 299246
201156 458296
64929 713998
638572 958229
82901 928029
39170 935304
646806 984638
877585 200126
614206 96971
12160 834510
784236 21367
547295 696847
468852 530100
51322 244063
229789 351824
38925 571702
893006 513966
228875 138443
630804 909551
917099 473386
272454 804216
422756 331762
568815 282690
943109 581305
867142 363287
413504 453315
988592 705027
590560 825181
586165 460614
133407 810929
53985 231799
116856 854416
597881 952803
584849 341606
884264 850097
272563 510005
644949 430882
935614 60142
154675 716441
478135 308305
741731 813667
603146 733862
690975 256797
139991 763339
751972 938485
489739 646334
487575 202096
525203 780024
313386 548773
169882 106327
715491 44061
153344 392876
468321 854116
122585 894487
679392 683172
796889 871647
590299 654294
877278 571706
192119 453356
118124 668084
447340 191332
443754 160925
364872 92915
327020 144333
832191 486136
737346 1564
441173 259866
743498 713625
449614 132127
507689 444471
264966 478946
429923 141863
512097 253047
516581 474877
796892 482334
703144 36482
651358 409436
378106 940453
220535 69254
512301 382811
876148 58780
785712 90739
241105 848194
415768 950684
94081 122979
638786 723617
423532 711046
246614 294967
43198 626974
136175 734950
146817 684545
324326 2434
210606 321744
691567 114476
684892 277258
924925 112041
320217 23795
423486 599187
371853 330450
389089 952246
453850 894145
507568 842322
269693 192059
609935 648246
880622 553537
279742 320424
800007 958021
681216 706423
562219 641974
571468 226110
155140 402832
459213 306826
825103 480902
745279 328240
337997 516584
383095 165651
629537 644776
213363 917175
278382 11341
468660 237401
580517 249655
600172 273077
720526 798799
518847 86145
621429 515792
120029 383664
753024 37102
590525 79956
512412 720833
220116 71059
845190 357218
112972 697976
657425 305852
319605 503890
445005 128616
423774 910530
327250 815246
355903 982219
54928 505988
323277 524361
908572 223552
702424 391846
764765 37073
213162 634122
681910 981455
48246 902011
657332 457202
25899 750036
408368 857347
741068 93114
746090 567287
928693 764601
142414 237070
73872 411172
165129 456394
830503 96359
208869 497010
14122 58213
124155 203777
359629 259558
285052 236325
981986 375301
390278 325284
131680 988293
870042 999534
278764 296442
433138 954943
493417 824733
528889 436774
555576 532229
237250 854368
941848 980674
408689 3229
412119 191207
231583 353463
240325 324567
756919 132006
700154 655923
55070 980035
737000 522643
877618 733713
113326 16156
290442 428805
95875 732351
756537 430672
288836 831968
372353 331047
209255 598493
501341 568783
446616 950791
252854 369820
3199 584579
822852 940094
455767 57503
286679 250267
678616 849936
373841 474260
912100 631811
597198 656098
244525 127285
86018 413376
816534 831119
182515 548117
463873 702566
893061 960739
11471 224967
926 835627
78018 388871
913261 30812
785295 981447
778919 625819
695304 397806
556548 863596
109183 480384
677538 372310
300350 853192
681077 252874
786812 17049
795155 813431
687968 384752
584593 907465
415545 946340
292225 312914
699088 749937
354057 536386
779214 685504
222088 205482
599156 618289
855836 52485
777298 982334
634457 37046
568999 483961
88482 593614
129788 24208
170069 552009
727085 763470
549955 63835
219154 274000
505624 20648
213733 158575
314710 974326
129569 304481
283010 359581
65469 927643
887980 231008
978590 684074
663557 728628
702180 219005
393845 891802
149805 828166
224840 572490
2798 29753
355070 525147
853240 904045
260661 463567
771892 907646
155650 574426
973680 241310
813304 357575
975029 698363
555544 594361
868822 714543
879869 891656
688310 635657
919576 701635
419061 110672
644157 155414
880611 254253
824765 454393
163070 812003
658827 814206
886288 246092
289641 979642
143851 224151
916478 657199
684762 312077
100157 257435
693581 19881
264177 882509
935263 655482
611619 702351
418038 468994
692093 161881
310975 935828
617344 374883
591585 861509
542982 713290
185552 340050
331722 487036
991676 512418
729841 373373
613294 922787
71034 367359
613992 696855
313096 839742
498297 666344
863827 4264
12050 268403
374604 228361
467420 297167
244623 200677
829421 773457
839987 585509
781638 387507
652203 845573
144336 554325
120859 38221
458018 911213
485495 356580
783919 210456
609219 746143
919562 286860
412373 968829
760580 276542
665810 363429
333297 957653
191610 191842
435546 227250
202437 422489
39064 728003
399536 222300
821391 363925
500176 441002
734953 731000
318250 754453
997172 524367
476174 819244
738096 652965
880769 372916
498465 817069
139423 812123
397992 82197
776009 190263
673541 560818
382992 393518
545399 988092
863112 409970
393585 990985
35329 716619
82167 906335
61091 159251
886155 863030
526595 605477
679696 808593
781774 515944
392163 62924
888176 195970
945281 783848
465274 766430
685978 461323
901487 304809
731705 154984
215136 458212
462688 232974
696921 478357
989655 899916
558845 699070
370188 795147
301312 548607
763331 227430
164625 711360
696423 199853
316701 932963
121849 993021
997402 802599
890983 655453
760651 804894
462809 395144
163633 489880
142735 849941
781000 396506
156191 244681
916772 289084
576015 677899
226988 20511
131962 408912
629508 883269
641983 34346
396926 725250
645777 558664
377209 165738
652019 756255
756821 874202
815886 368053
176103 490327
911319 874462
267978 963015
798681 341744
836727 923326
109817 249525
587216 414403
63913 984721
415411 699761
471308 456905
527074 139338
197851 1980
545464 643857
326056 715464
621403 370931
235390 130753
564562 825568
908030 232100
371974 169075
131234 918009
197502 656412
411040 100641
856059 49326
32556 973477
179595 564156
45923 176540
437698 601652
501658 785353
477645 890874
515582 600733
250723 108814
957359 223391
26481 767971
477168 623690
666461 249124
219333 374756
917085 715485
232951 968645
442470 53961
835406 824659
630866 877555
144387 71818
938900 218226
556889 910065
690235 739997
835696 823472
710967 317229
500099 370372
742553 643629
837642 31557
288060 113805
347243 978603
36428 62185
384994 180160
981631 851357
574027 54830
872025 598869
736602 667657
387748 293710
656754 799493
446759 11331
649638 170780
605666 95796
519897 549622
940552 433459
936983 194931
178579 712127
49106 896680
560671 412749
680387 951680
850590 164140
722810 856616
531469 317561
534827 942201
851604 615914
526828 659063
502346 509999
96246 136722
248901 139902
901870 159421
882962 221610
318933 655181
681985 208368
253744 598121
89895 981843
567890 209137
780024 619027
282918 16485
712419 644244
874101 336016
672150 442589
865890 807501
588241 434540
853095 385219
209989 629112
383795 666511
146727 829269
720581 886127
431957 820642
469491 990173
345177 990312
666001 328667
122757 679283
984395 989105
721491 68387
272277 117913
122057 427908
521277 533765
373448 851134
257075 643167
773274 882741
239429 717461
75743 353635
560654 216205
765194 328784
299091 208919
26432 661600
328450 492344
816346 330761
103627 656517
657457 116969
690258 106956
293370 315558
597770 61596
363429 348678
567919 395812
284838 635375
138027 795353
809817 803104
43540 104759
992670 783961
432739 856532
977449 264173
906946 318669
868781 191346
505508 228620
295450 239300
911388 918894
216070 190437
971021 356547
998121 659228
39169 27570
38518 85782
843004 916777
186898 266995
493984 42880
485846 923638
188827 766989
931824 511560
606841 570350
590070 330322
659666 406186
399573 317411
81359 554964
543629 888060
529644 119218
206917 744508
200168 698810
888411 297835
47909 322764
974262 436239
979097 250054
977522 239983
783009 812859
10469 431634
853710 526342
96915 851176
935995 867634
980494 629449
906979 880984
499905 18419
485221 537038
451395 783201
926904 704970
114934 855376
66515 327386
730616 217282
652272 20912
849204 941937
329516 275241
435709 911826
305526 317086
272684 273882
171017 641648
844774 118564
208410 694079
963163 216081
837254 579756
475647 740255
37834 731048
403855 403428
560902 877181
475884 11253
641745 822687
79105 906195
989762 224446
712229 298851
161421 959987
294946 683476
534453 34789
526539 816149
930820 664453
698852 459364
667568 321218
536391 689185
92268 673452
126737 13591
586891 13437
924692 794203
847413 69012
352618 274257
630860 32951
220552 269908
70767 940997
723023 841570
45546 602386
16400 795036
772794 884608
135410 621204
715710 167639
921533 584999
531758 30916
61394 999707
187868 583197
463660 388813
625674 239621
307005 418679
298018 391960
57506 404064
41761 271886
519054 129842
864737 161577
841674 765038
204799 823212
653047 696945
563693 594338
712069 854986
211982 124952
361515 784199
965384 943989
577147 636572
839924 172320
106537 971480
300083 326897
459095 926447
892275 842601
873706 357232
144025 63764
427588 997687
933561 136042
387083 87256
119965 68553
353423 431053
625417 498489
578509 928014
213105 383374
500202 499224
391474 261148
578097 129913
731601 422900
642063 777068
147074 605734
173064 267063
626348 424984
822614 351229
619679 33090
815566 240566
992448 820344
79462 970336
