2140 300892
480049 316427
708967 178070
309563 222621
524269 238017
257614 988554
746704 683808
365374 11162
178761 713734
115599 73090
731244 475362
657248 320730
792888 815965
291377 800951
691310 882461
933605 935557
229094 533063
177038 799758
509080 893688
604367 792341
620440 547485
415267 726089
173826 133255
106790 279448
8799 48316
381352 57791
201520 825299
942995 915863
23357 82672
55346 405272
182577 817032
307777 873247
442707 687002
957548 249383
278597 573408
458698 614721
809583 454214
786592 660236
716300 343085
255094 17893
844445 765503
169455 733255
664084 553741
516543 123373
191012 281455
136895 984104
517467 677366
582811 539733
793408 409791
700478 372828
132122 627604
562352 50279
557600 741135
255757 804838
452035 722049
576622 593881
125031 815706
528576 402950
546373 626848
780085 197234
750658 459490
85238 101114
84171 477544
370193 261913
442957 322721
423429 37270
146845 403821
922688 327396
410577 113147
187389 807504
600644 291436
839978 475952
503575 191478
153288 692782
464511 973019
913222 369429
676360 354402
146249 606404
699314 707419
750823 701595
399954 917675
298681 329410
244303 923483
983378 513745
588519 427161
855813 869151
258695 225069
816289 868137
425808 62115
272164 733873
839535 335963
818870 39388
70620 922997
417199 675232
346618 497852
721724 719530
63620 213882
911634 309012
985192 893656
579548 805099
688250 42892
795930 254409
553898 821242
612488 684607
907571 462499
586333 769921
370683 293103
458070 985161
853824 362431
638101 747413
508079 749117
298881 406739
226104 337803
857205 515226
945459 117875
140303 360026
382426 141636
508797 335336
617052 694799
733088 998680
453598 358090
951236 528310
739922 663028
878651 617538
947610 922754
421310 419426
135272 492879
733259 41207
44995 562464
672869 296488
56447 734616
213694 261094
984410 902407
855602 379709
819923 892845
83981 927074
616691 69533
864 774981
821435 483276
205431 9144
267142 769656
418138 944021
975572 336500
176210 761092
729949 69213
69915 639656
357940 390442
869562 192693
783364 698422
357263 473655
953985 545458
826706 80946
803425 575279
280298 428401
645660 721693
204767 66081
349567 624244
666405 842566
907810 798534
392042 107686
369769 811408
18145 874567
736660 926150
108793 527428
285172 50320
828053 54078
19432 208786
182381 6807
891706 403874
168991 453462
105504 829781
380668 247824
592755 982455
759357 536825
321925 340308
17651 753294
807404 465463
248910 773321
6721 812215
652427 26972
911568 414067
474010 491964
953290 614752
724053 581067
237830 696191
986887 215508
144787 420216
451143 47522
303784 182720
632450 370131
842758 805435
936417 938410
724905 458978
511764 395259
859919 622476
535174 528280
615630 267580
620133 815659
658503 514187
902698 339073
873687 572556
271165 286205
134999 456998
395120 819622
292742 64056
589592 855495
998255 26505
112968 881245
126661 393946
17200 499666
773182 334440
20112 500854
858699 878800
648284 494913
481108 812751
400857 865829
61590 9049
264720 560812
907718 58064
984608 406595
742393 953279
688351 580407
474188 691992
50036 923469
677841 749156
73819 952160
338598 661992
727256 7107
353754 555508
948883 639360
974193 18206
871299 771481
768931 277686
927531 488196
241707 534834
295823 135132
82260 75049
510531 362321
934669 848559
879873 207369
444724 693552
664659 638999
569503 726246
807352 437601
112596 740863
663125 381246
28560 474864
597824 88911
258563 458495
461992 938240
731858 930770
797798 899291
361938 282288
507753 475611
459259 734672
400807 499283
314487 16133
260705 662988
994588 163723
690089 441681
441010 926313
962041 221626
369794 204502
405903 284517
303734 808618
56318 452416
114608 350317
789697 253506
231358 260477
566141 755855
295131 447568
940137 1448
659455 536959
915458 558759
375358 778311
871901 591429
594890 15570
200028 772753
977966 639067
610500 774237
902990 993571
807001 901846
406371 383282
63080 193421
369277 145347
883171 132194
902731 284430
449193 327586
676614 357650
476897 21377
66859 30130
291610 700735
644254 299889
410913 711381
168922 211701
505602 681979
417537 160040
427630 808390
296055 24869
228237 422993
424582 748931
978922 405170
482515 411587
102103 610707
124777 44505
191191 571798
596237 247841
164461 975466
750222 483074
218007 14243
210566 7270
968343 287500
386310 383975
901410 961496
379969 525451
836574 174609
923772 991173
919292 489784
613988 142205
433228 98946
965710 387987
448000 17062
139860 4184
400252 259862
817771 268226
406155 657753
224485 973436
584797 634441
255171 460480
133757 425419
625580 783023
58543 577453
444522 750029
550792 161381
410243 543559
333444 998125
658182 817095
939876 289878
881260 549322
989762 519184
448426 964331
920756 999971
282676 595556
530380 472040
393502 652058
246557 955324
818117 616446
114716 464678
647627 757339
964376 678369
669614 678242
515126 630205
881430 679041
348915 157051
640333 936271
128351 899768
424415 931621
409217 296222
407213 718751
30265 921851
449630 728494
449721 427053
784124 584624
937801 633852
170191 972909
727718 953287
362600 558162
654204 840921
23931 451560
220310 491966
529079 757683
572550 682560
913914 641249
566287 227906
254579 529838
647651 189697
700676 898274
605294 624827
689186 261816
431238 273274
503246 698927
956739 252609
844029 681059
439062 279612
526592 821203
678077 833257
818184 163284
464341 998408
726203 474688
331643 545231
386869 573040
254619 798862
289878 340783
647807 813760
46895 539263
32292 644474
787592 967857
577340 10092
53189 271340
693676 840859
564602 748738
118007 248324
456922 384819
682693 283378
806904 231881
155191 12293
417871 862019
20203 698312
603432 602686
550703 777453
25778 851845
276974 420734
283919 357547
901720 898613
931966 810545
6873 687511
299889 77932
647524 466457
426449 298650
960367 346742
121833 506218
115399 222469
250034 613632
583767 534313
149757 771560
172142 856094
154468 491372
628950 523412
741316 693545
757929 654308
581959 959469
570874 577189
973133 1201
366480 313111
934920 574775
588275 192192
970210 250661
487988 544692
9551 391719
760576 840478
5437 22125
533455 884079
145408 328807
711375 72538
451550 722495
305122 820034
811044 493709
754337 163726
819222 578011
610386 411028
316256 386947
191578 850807
669988 733353
650209 473355
391364 452920
138336 976751
543387 604788
487982 452095
545964 663990
611190 800535
884503 330697
251693 639131
691577 179508
66881 755143
706897 529173
228299 888130
530602 264146
62413 404993
232467 43442
197088 920857
324318 821357
124800 680639
713841 845818
301048 809913
523401 200433
114235 102018
424167 307212
228842 188986
415738 60964
547281 720341
118161 268096
300953 23499
77981 200283
74707 960362
438567 646452
739179 400548
930621 157936
21591 395131
244167 99674
85118 391888
121161 253325
287021 287693
540259 693913
141118 978996
209069 722729
388767 843072
114806 626350
820317 610419
503066 300012
804271 317312
787039 588566
868150 545474
889461 224309
889580 166204
545786 576702
930072 649477
972817 997566
169937 493693
232651 487835
502724 730085
246921 599213
301369 198801
770937 437217
42448 169954
3958 865783
162537 398205
672773 198703
103059 631694
137244 273229
299337 959744
87537 842396
850770 232319
337686 51085
162436 225640
822172 120222
938953 336167
175048 623933
121562 123951
260810 86633
436865 729797
752826 129228
97681 988200
589152 152363
212283 543671
984803 924906
558299 389894
456805 356029
506483 538679
708307 26718
870717 697352
704980 114779
120087 427059
191895 717006
397474 304929
26713 900237
778635 209921
606436 764876
324092 768219
515151 519869
275176 640048
231789 783048
511057 14332
493752 845012
113989 575764
411196 290959
125204 605542
328414 73336
739169 968944
394996 424116
947935 918504
415400 607879
752120 659123
826274 347807
609436 376293
962583 697503
67895 931454
516397 845611
408540 359943
330 504943
406517 218835
683604 875979
54021 598129
504393 863330
787511 691157
678767 339198
675416 483751
689650 622251
201876 707765
979595 272133
47560 978424
791536 193946
606707 445295
165719 898187
195035 928362
437342 155548
263689 56552
259689 193585
596925 34715
166399 53276
979290 898827
929007 566143
920821 162041
255206 342014
738648 444709
695755 675337
402302 486036
313305 87581
375563 864284
68281 105984
795288 916993
133760 80411
97922 622714
491434 150541
687616 891306
504271 198613
431579 174695
266898 168442
785222 41638
581076 920420
945564 863774
920061 989806
240559 359880
571912 62304
643257 676462
125934 21088
431855 759241
47012 561961
173392 113600
750285 579840
62829 668204
511853 788349
251923 781681
36373 906637
732433 160186
376621 144726
92625 865605
366280 62545
628603 549491
736801 436661
551240 98492
584521 506437
909356 701014
973990 13422
387508 480529
76821 760417
877503 754267
457071 324674
517137 279809
539012 273214
656124 114388
657372 102579
762536 723243
366647 358803
577707 201676
624605 762058
976672 735826
197972 327459
830742 992319
671980 838009
954859 324283
215243 923370
91636 705782
329254 548637
181288 377415
471699 779971
814853 423965
550323 837732
272493 656426
84866 311091
770678 516899
590478 415526
409829 628662
109349 277176
963884 982089
810101 359486
190757 198936
945264 149049
572231 227851
968110 855533
932130 471618
220219 875174
768223 599563
784669 639436
139267 177618
426697 372138
928269 856485
426088 740696
973088 576405
880434 520978
533107 647351
601166 147413
595510 368758
812409 111272
795371 205321
963764 812995
744687 15595
663135 857017
353530 504549
771016 263024
610643 732008
919950 625749
358925 751340
370636 862236
405340 475309
753673 549892
345348 859871
412097 593672
740816 696034
543357 699523
655527 390743
547012 998340
568697 744148
337304 973064
220390 650099
686289 627904
544325 143859
581232 962941
385390 728189
966893 804828
906885 58758
429445 361860
455406 753736
329143 866565
216319 978786
605888 418098
203423 154176
362949 868248
908620 66649
55212 258402
267569 5177
434508 791625
675915 824273
922925 729038
139198 631318
218798 964201
273132 294509
894123 109708
353393 842608
142318 804057
798120 765757
979873 518570
865482 525316
555844 500755
506508 147067
137231 792131
401929 950283
356714 84614
186720 765564
750300 890277
866047 59536
585747 331103
772572 534931
648095 220213
6032 579898
969222 146444
490354 412651
64005 358412
282603 665095
874397 421444
257720 713006
63225 519086
142696 479886
928754 291051
878961 846452
657777 179032
542126 230167
725674 389872
937332 31907
886759 373113
527308 945939
905752 525921
545230 163705
10579 28558
808951 950921
328327 309979
812226 63461
618725 432510
624444 580939
768172 833529
515283 403257
403871 321391
147340 439032
209840 774003
811439 92124
125354 396748
224144 656202
237977 147899
288437 213674
830077 979527
98680 463917
291930 199275
577984 50871
731147 598769
434211 477428
937264 72375
928511 594482
769691 261951
57122 893891
982003 538446
39019 338263
966893 898066
685090 128516
626234 967359
132118 945605
149508 56605
568570 106466
260642 737816
767032 842396
984389 49325
721171 99606
163611 418960
605626 745938
642858 799638
233594 295111
778985 585122
919363 733711
696573 79504
199663 462726
713014 913704
377829 591487
396960 801952
472644 412569
665535 753364
242652 197441
931842 419680
756512 422019
114111 727810
624706 502352
761368 77523
491037 226745
929731 176
663452 707386
337341 307302
327655 85
645728 953397
515157 351002
988205 151812
180837 328872
637711 512584
607225 269180
83439 267109
586841 719307
422266 35781
581599 962019
986888 960049
934760 893907
167027 505259
7641 849866
701934 185358
906801 114724
362101 900349
344664 219025
807234 901523
672512 705296
556187 823678
978170 896523
865546 979799
593552 22753
372561 731843
191435 988872
91350 806884
864572 262432
30885 765295
138635 922235
291208 498761
110205 872354
52810 989638
462927 693023
977272 182757
938748 248017
954533 418905
708240 400187
794639 774203
925767 982627
133931 240040
995520 722057
610075 400190
910074 964834
145543 309910
590564 937562
603691 520915
94106 954872
376389 828931
91675 791217
675155 618085
935417 243495
725304 552701
802481 518169
910439 416269
286284 583278
503543 815243
869480 96702
348337 714437
86827 22551
255573 879771
479234 729275
92896 999535
734680 819082
717126 709615
493604 621883
972248 252993
180588 328885
464476 569712
57307 912214
504852 736578
89058 772976
560982 916512
821900 396485
232586 749969
633651 699691
599076 971866
197870 416305
326748 956027
105367 201805
415325 978989
60237 889856
287761 707642
99087 233368
392818 275307
531099 195241
119288 495804
690793 54471
293995 517676
633992 815046
34081 385304
149820 446717
172435 129009
71867 710035
651231 297246
480348 515425
344589 418832
927907 664230
794909 148536
555038 2432
865257 369236
730492 142293
693787 652597
813704 261974
458531 244366
609568 591831
749787 611898
29358 899126
179894 734853
383066 482169
230146 925000
26010 145560
558446 256477
824932 254962
930411 746671
612622 868726
582706 45049
131750 597092
434149 459267
846316 6473
883933 207230
730234 734165
251772 246716
733190 847483
451214 677290
502258 808685
983983 314657
310388 709543
513371 811729
873676 381879
176776 913401
892979 881613
908602 95980
896390 956708
340656 981965
964819 591581
738094 647094
175785 480288
93643 696483
154956 164430
880640 609982
967137 746249
142607 816219
337297 260654
501729 422178
733131 610076
999454 32526
496513 502894
763869 265817
82461 918163
785153 289658
762318 310674
626795 389492
73250 139125
826073 230327
209784 67057
183640 800529
38909 974345
577625 189618
420885 428765
175076 978252
136863 181528
874520 277472
187145 523867
162319 288147
42895 780778
340359 941830
458912 681028
770332 168624
484923 772532
928383 692471
526534 713087
352004 698824
729814 974667
726594 980981
420372 574774
