23360 31307
3813 6869
31993 23333
12169 12178
6670 13379
19545 13545
31217 15137
24940 8424
15242 20436
22547 23276
32463 20558
7437 18698
19605 12510
26362 19630
12453 32246
16658 29314
14867 11057
11799 22930
21963 21396
30600 5549
14189 20245
32024 4366
17499 16729
6239 12604
13584 1474
26830 17198
24755 7337
7144 29363
26347 32232
1455 20753
11254 29852
7517 12012
23285 26665
12885 19818
25226 13950
27993 10901
8101 922
29181 27905
10907 8782
13404 12974
31353 31301
22281 18223
21143 3907
9545 1292
11888 3498
32127 26214
8112 66
16359 2265
21135 4921
5511 10407
11358 2153
9059 22290
14431 16602
32241 28681
22234 32648
28876 4871
25197 18790
28332 9017
16292 1698
15766 4831
2762 18731
13136 32244
22526 23665
5656 22545
14729 620
30101 12687
110 479
4110 22508
27459 27102
6106 21871
14144 11918
27928 5135
18326 812
8096 10130
22273 5456
19769 754
26529 3443
12300 7428
25862 30895
29016 18523
11402 32711
5224 17003
28643 3943
3522 15850
9720 21933
23202 27772
32244 14567
11430 19342
2201 11167
32203 14466
3032 469
8344 4109
13470 11147
8345 23774
6896 30855
1807 22913
19514 18772
22502 18818
20452 20874
23271 28117
23079 20303
1327 6261
8479 23582
5856 9036
2081 15047
16662 20051
5454 18103
26653 18682
25960 26746
21985 27338
4581 13182
28837 24393
15682 4378
18936 18718
14746 7374
6629 8309
32119 5581
31339 20645
23272 2488
30509 22800
11476 7341
17769 30027
28301 4736
14382 4224
29096 32072
17610 2064
9741 13598
11138 380
10314 32033
6279 22405
2605 31166
20773 25234
2449 23598
16700 8275
10616 26431
31988 32420
24922 12632
2733 19892
22205 18359
2357 7526
21766 5886
1598 2551
30607 15598
6415 15330
14841 10098
5497 7936
25284 9439
27405 5364
31772 18810
1164 9926
20214 20027
15263 31182
5212 19664
13512 3028
20741 31973
14233 31349
3881 22179
22308 22984
27283 15990
32434 24130
8952 7700
14008 24023
10375 3771
13830 27746
22209 30905
4930 5959
20875 19506
10901 1111
14466 14110
2980 30708
9358 31889
962 1653
9146 20799
6243 29900
10051 24895
1492 3173
6126 25359
5674 26194
1183 23513
25721 29094
7976 30964
24646 14622
31583 8878
9534 11271
17523 11337
31528 28251
23680 17731
4632 29742
6752 4059
20197 27720
6597 208
15326 15892
20868 27756
29113 7865
25652 25793
3276 390
24312 19763
640 26515
23193 18230
27394 21157
13016 23641
4923 24403
18434 2436
27395 19047
32452 3965
9105 25991
29249 11441
4662 16149
3170 9266
11084 339
30829 13820
10601 19659
9178 27772
13528 4590
16738 25427
8009 11771
600 27479
1991 20258
31292 12250
31467 25578
24718 16688
25423 6608
9440 10347
24134 12080
2351 26729
18634 7273
13939 4113
6326 22589
32629 16857
22070 15222
17889 21643
18811 18383
13724 29002
12467 22033
19031 21200
4664 28541
21349 2553
32519 22122
27081 27525
22901 559
3220 2841
29725 4675
22382 26504
7453 31907
1906 11345
27010 31604
16959 11369
21760 32234
21323 31290
2535 8296
21371 16619
25938 28649
28401 17122
2977 31902
15654 8583
8490 32728
24376 21067
31532 6441
22661 25834
23812 26310
21880 32492
5540 32048
21667 12402
4416 532
26126 1583
13130 28271
29903 31925
3233 15349
20187 14578
16902 436
24348 10746
14031 17397
19908 30727
20447 31587
31456 25789
25301 5999
1840 179
9604 32754
24374 23088
12708 23060
31885 2354
28870 5230
20860 15541
1166 32363
4811 11569
32540 28404
21461 6245
32715 15948
10463 10835
2078 5944
17320 30604
7415 25444
15937 27821
2058 22274
2079 22314
19858 24500
10607 27466
10818 31404
20649 27507
11647 13841
24168 21672
17356 24997
25465 13392
17798 12966
17714 2873
24017 24306
31749 25052
24018 29550
8277 29155
20511 27047
14727 2280
24691 16570
861 2176
27559 7538
7551 10104
19421 13745
22875 22622
13567 2833
6703 31043
13672 14538
31588 12480
12000 22743
12574 7223
23502 17492
22289 13147
13481 13099
8598 1267
18864 32495
9470 12507
25819 3336
10022 17227
2065 9233
12107 21851
7067 12414
18464 5831
24793 15490
10270 9456
32051 7984
13340 21284
12627 9952
4127 18463
4241 17108
12915 5330
19631 28699
11515 10339
27079 28086
8389 17780
28289 31738
4065 23720
25737 11061
372 28771
15681 32148
11272 26066
28339 24644
6694 26412
23753 16344
32039 15159
25280 15339
8775 13837
4314 15878
15867 10016
29267 30660
389 26748
28567 3123
11973 29516
8370 26750
7762 7584
9224 4041
27593 25965
19782 24157
15461 27861
16536 2053
21456 2985
19997 21943
27449 6701
8600 26231
32423 22811
6760 30585
1165 6890
24506 30598
17310 4687
1277 27040
15074 27141
21142 23273
20490 2506
1749 28609
14337 11434
9000 19503
19907 11391
6543 23426
19314 9913
28240 15160
6567 24155
8684 19742
10502 32582
30545 13497
2581 9914
27217 17381
14158 21786
27219 6844
17778 11503
11593 32441
28193 9008
12002 11549
10408 1217
12288 11410
17690 30009
19052 25103
15778 19176
27849 27899
12823 27673
21190 3733
16849 4500
19864 8339
14267 4711
28840 24329
15530 7398
30344 2445
1005 241
29228 8089
9766 28533
8279 15409
7768 21301
27987 21701
7488 9931
741 24408
9961 27625
29312 9186
11899 10213
20409 15603
9299 2421
20219 2970
10841 7095
15484 8837
25230 10868
24431 27753
3045 15269
7548 4517
24916 16950
29293 24866
28458 28171
4138 16509
21155 15681
15079 26472
6074 12982
13724 27213
10558 21963
21173 22581
1832 24424
32011 28649
14124 14401
19732 12374
9102 11352
32342 18486
23607 30659
22818 10477
28168 4272
25726 16561
17518 21158
29795 8174
18743 28430
26665 3561
13988 18161
11583 20643
20415 4611
23071 11264
29422 30433
30081 23592
15049 30871
15823 3886
8489 23909
1242 8688
22657 29379
29643 9278
20338 21154
19292 26686
4761 3573
29768 8462
172 24688
29695 21676
1221 20879
6559 9491
19197 26331
30496 13479
9021 19305
31438 10707
1617 4259
15613 5617
28990 27722
22008 17258
2774 6076
20538 12062
18313 13427
2785 12550
32638 22991
8287 6167
10979 12309
9587 15722
14465 15543
21592 21147
12947 17366
30780 28527
9688 25349
11507 8889
32487 18768
18157 2686
20931 12413
30565 14167
16303 31633
220 24343
28483 7830
4038 8878
19136 13212
2947 27469
30881 24830
29584 8907
17010 29926
7423 19272
24037 23059
25636 14864
19491 18906
9874 31169
17248 24427
6470 6065
22194 28758
20257 24714
20515 20046
924 20535
28933 22060
32183 14596
3205 28727
7986 26112
12419 26018
29696 15526
20641 12118
22009 8637
10138 8690
30927 9597
17110 6928
29251 15091
27707 5067
4760 32423
26181 15486
8520 20603
11865 1485
20983 17622
14678 15082
1445 12546
24174 4369
11303 22227
25652 20565
23000 29578
25589 31135
25996 13816
30540 3572
8901 24551
25585 23286
3114 5813
14802 28846
29236 10050
5989 9352
555 16653
2108 17823
14673 27801
12762 26171
6237 16662
17093 24216
11050 7485
22492 27882
14513 26492
19435 5789
12085 6483
9597 12001
8381 6654
5873 9830
25543 11348
17616 2148
11323 29679
18014 18655
12446 21901
5231 18473
12168 14006
23164 12200
26968 24735
24054 3033
25126 2639
28634 18325
32761 19968
7302 27796
22842 3528
3531 19759
18281 2936
21315 31594
4623 14277
1253 12593
17908 31909
29654 3554
3217 1788
23938 19724
6088 21368
21740 23159
30163 697
22082 26468
24955 14518
14517 25877
25226 2908
29320 2192
21122 17528
25446 15265
6543 31446
6392 7966
14267 18090
16823 622
28257 5424
16895 29772
7652 24464
8037 20681
11168 18692
13899 28816
1057 26684
28082 23918
3475 16386
23887 12306
7802 11034
6624 31505
19620 16236
7104 26413
10331 27749
29625 25814
14303 22682
16922 5873
18195 17070
9226 23257
24438 26998
2844 4515
31829 16220
13092 3751
20287 27905
10824 20283
10426 26407
8026 24514
22836 7117
27237 4582
7740 31387
901 26657
28658 23681
23548 23170
17084 3740
19843 22702
4411 1113
5086 11557
17022 29916
1203 9670
16501 26531
31132 9622
21160 29798
8315 957
4392 14914
9742 23505
966 21015
28355 13143
16772 16431
20941 6279
9289 10528
2679 7760
25817 19955
21432 22940
13059 4997
25096 17365
7709 6446
12147 9896
25005 8865
19948 29961
27241 22803
13283 13687
10082 10144
14106 24961
31612 14058
10676 24201
25377 19459
19855 29640
8758 3725
4563 24978
3662 31263
20171 32219
18718 32491
29684 31227
32562 5534
23636 13742
32478 19080
15629 17247
15222 1021
25138 422
4289 2043
11737 28175
23212 1292
3442 5405
13628 8814
22871 17294
30918 23410
21156 23777
18018 10786
13128 31510
14493 17702
1116 15285
3182 29929
11956 24081
22124 17399
31156 5838
6205 3754
27749 15521
19026 13829
17608 12887
11729 31200
31083 12825
31443 15941
31033 24046
16080 16411
7574 14721
32599 32001
684 28965
29955 21117
14847 4630
29354 6230
2888 6145
19671 14910
14208 29639
21883 5300
29243 28543
16351 6441
1335 5050
221 32098
21045 29194
32592 31261
9991 30917
10441 23799
6123 13318
16004 29069
21527 8181
28314 1506
10389 28744
3447 3585
9553 28938
911 10979
6257 25755
17229 6290
21476 761
23372 18319
28990 32317
30922 9585
1987 12393
28250 22736
2241 22112
4824 29793
13860 31798
3234 25954
26436 32426
23813 8505
4097 17905
16374 22104
15890 7606
13315 9315
154 20062
16009 8085
28156 23440
16422 9056
15345 3061
28017 14419
7640 7740
16361 4417
23885 20322
29484 25504
24828 5680
25194 7983
5559 14341
23064 18652
28103 6869
12777 31972
27264 30834
17146 23612
25625 22282
3660 26928
954 27377
10104 5962
9173 17825
14238 4725
2746 30208
11423 354
13158 32225
26764 18219
6300 16588
1374 2102
13880 20482
231 30301
13503 14268
25864 10315
29498 12724
16421 41
25413 24806
470 25979
27491 31384
4063 22084
17300 152
10083 4977
42 28869
24148 27764
16088 3536
22830 28208
10764 9540
2277 30997
18046 30404
1307 652
16137 8340
22167 1429
8891 13660
17907 26286
18728 24360
660 20216
20739 13234
13792 17045
27887 7652
22186 30292
29330 153
20721 10384
24555 30372
21963 341
19174 21523
26524 15813
28462 19637
30347 10938
20035 25561
8503 12973
5580 2393
28069 727
16430 2007
3710 2965
9053 10311
2167 24593
25075 11949
19472 14623
29311 5160
6017 8037
12575 8752
13553 191
12113 21276
26858 13538
13830 7143
9482 13631
11768 819
21243 3114
25150 10638
19365 16187
20765 9973
20129 14580
32546 24982
3569 30117
109 16858
8687 30605
11344 26531
31108 17986
12057 17619
6810 32083
28203 16653
18132 11819
29268 19135
22652 6456
19546 31072
27581 589
10199 9462
10258 9285
71 5852
15870 2026
11360 14274
27902 16917
13218 24309
9660 23830
8750 9953
7301 29013
20187 27348
24573 12602
18311 20996
18449 27723
22443 3028
20782 19860
23858 8531
14256 22860
24460 5
26526 28085
7422 8679
5268 19268
572 30381
3584 26626
16441 29262
9105 4658
29758 25794
11757 9780
5690 32522
4003 23465
8537 10610
16992 28120
10967 3859
17509 9041
23319 667
31288 30927
31983 8273
22682 29539
5958 20819
27322 24015
17634 5154
2216 30000
15995 11873
21004 18657
19220 11226
16664 20891
2699 20162
27067 993
20078 21822
14616 24987
29968 14374
18742 20225
31452 18184
7417 11962
13802 17776
22609 2373
28624 28006
18609 17305
20923 31545
20931 10504
22206 9851
4698 19561
14441 11341
21928 1142
2462 20189
9393 1907
29600 28204
3071 27153
18797 7701
27031 1425
25934 23947
22317 2348
1196 21282
1172 15027
5669 13008
5752 10867
11743 12533
23887 24155
5148 9882
30861 14433
8719 19190
14871 7201
24815 9783
24059 6087
8009 8575
27230 5168
28826 22572
19382 20556
19229 3676
313 11207
14306 28848
28052 1256
18720 337
8161 11705
19148 22065
10451 15464
24938 3220
20532 15085
2852 5582
16018 31213
14105 16718
28469 2782
26359 10203
32340 9581
3788 23582
10120 31772
10009 1121
2176 17456
9513 16790
31735 29898
19872 1947
8419 340
5463 19132
25071 4894
1127 9850
4396 1609
20356 24970
27651 11749
7053 29473
7023 9046
8032 28015
1129 9468
6131 29033
31907 18451
17057 4044
14200 471
20929 15199
32547 19436
3965 12408
3632 26622
8930 30145
7473 1701