1 999999
1 2
244661 824056
207655 354070
949897 227990
210524 390141
880576 925576
758590 122270
39913 426601
619117 241421
615553 851642
961720 767647
177650 214577
174726 81664
750686 298956
342969 701361
167686 46861
481675 5572
839013 860287
672808 41952
697899 852822
708293 146674
620922 883290
708762 350693
64096 153282
457000 450671
3808 256873
862016 182198
526771 833600
52658 148806
574259 394639
88967 32298
413293 467372
174986 138266
381065 934960
558444 515232
328793 335239
10814 726662
977303 927177
895431 852179
89040 533375
351944 447621
959822 523485
52030 3159
238578 816153
314421 904506
494360 446025
106465 24336
267415 67542
604975 849311
564616 748716
540918 482757
889540 545756
510430 953751
933535 643356
798962 10560
996547 295687
35855 979588
55094 409518
173366 330667
149651 373657
867236 305217
424866 657789
325082 336020
723377 779020
84461 15539
107660 465869
984167 54364
64208 237140
800375 12172
430484 157060
633437 580626
277453 228274
151728 851009
79156 740687
225623 308915
505651 906914
317742 264164
86805 283974
234824 46174
811756 806089
492135 573334
452569 734912
593029 839512
30408 471166
984339 451620
378759 965642
312485 599266
200562 417706
875721 740819
364773 55892
844707 849788
442760 57867
906568 281236
646044 85996
476897 190028
394324 489919
519638 961028
716299 959028
316560 295917
565751 295381
236038 442142
921413 21583
665097 546590
231598 738321
789225 269837
363140 502723
831158 606489
719125 11350
692909 322859
600994 40650
684532 545358
207993 422830
168626 811275
890580 816594
501360 328179
404287 669853
608781 279019
946636 65497
901447 757068
702150 591487
930 318148
469070 982973
928464 197177
696308 46855
989088 951885
920295 298123
573802 668613
158763 812549
497843 893436
292113 31694
294889 136422
842949 643933
95049 137643
850446 209145
328716 80662
728616 894853
518898 592485
96199 548143
851386 678597
570728 340285
45132 707473
430521 390001
284447 181050
865666 96466
620188 305963
262762 394619
298788 314923
598004 783016
936058 78410
549390 768436
316904 793957
381147 321613
872635 443613
2171 44945
564278 269717
855107 15714
983337 734972
453865 687271
970687 304866
454710 805891
949789 918779
119753 32384
472202 200746
911491 845293
181333 301592
743237 346442
514660 761297
102595 789760
985159 933712
863842 10819
809404 325353
109919 447139
982849 665802
695845 108336
642052 649333
602826 680317
699074 65666
355869 929229
285097 472371
907674 708512
498274 652228
427675 166397
315097 845914
377455 201349
295073 153759
102471 819434
885261 559811
924824 810248
714221 747340
382992 77017
254194 246929
831813 31672
625835 486640
89644 697130
121581 998334
199482 546735
231733 375004
657001 654711
571611 571066
650815 431746
128630 790909
958916 76201
674901 520513
150130 884169
23992 222800
650545 730566
49710 839469
52282 358578
30306 520343
765559 596307
933226 935855
744954 257097
713577 119134
556824 273979
563706 31161
497298 568895
321808 945883
818829 263772
924244 311633
378223 103233
869251 961117
180154 377670
148963 414245
357603 210612
2227 546419
104238 805727
142387 79471
953688 136562
822266 193244
586754 605983
212811 52901
40008 402570
92380 200345
787854 637559
770410 567729
675023 858724
502217 336831
87567 206461
390903 990148
67850 302562
917919 677899
302640 943620
795522 459667
43287 808680
792416 70257
53102 684706
548100 606404
619472 163636
161981 934287
516816 371236
520028 677377
561423 50653
904800 359968
60327 242522
423886 653810
23744 878683
187353 703584
484259 837980
966514 191515
645795 400352
274373 142274
871570 579334
422316 466348
712595 513304
128184 893416
276925 952244
677562 256800
244738 889493
473175 55922
745471 556895
46495 845733
130604 326957
251218 280428
399315 547075
409990 573302
664156 968576
643784 725454
579952 227269
477586 123093
101594 782390
86564 6530
284962 827305
223632 873506
100146 947961
952351 95341
387224 724093
798356 896421
152284 43351
827993 375920
374954 629956
464640 435164
378649 177216
561165 314903
600826 517131
361246 943819
292949 460576
502772 452902
278484 297927
143329 19918
402138 462756
620745 674008
714691 530100
800969 812515
755127 546070
411020 960466
515438 666964
206539 737717
803336 223751
781473 89553
754249 621774
191658 583662
186350 935660
334605 979669
341010 665909
204542 337005
305963 886327
724747 642723
79557 930385
848517 312925
801904 839826
15569 949777
152346 30236
852469 420694
292512 16039
213676 667041
20456 581286
274032 646839
993635 482824
404077 469209
977222 628855
986275 87919
79068 688630
163295 887186
843775 257910
748690 114961
895763 30082
175911 397244
544762 904215
413236 501574
397141 599071
230322 108603
552548 136001
66247 597787
407746 503882
19485 756523
438163 925675
156969 881626
582549 408883
422440 957884
17274 681133
913510 470469
174170 187320
192391 936324
829479 556161
596992 424216
971311 831733
227112 173945
939197 809504
394670 922294
21666 16546
847484 696623
296421 232101
2816 646537
2595 957326
759924 949966
145639 912019
200145 951962
352860 461293
628492 472928
221189 856648
962555 657493
528673 313560
432467 826130
717333 241644
919974 538633
997363 393677
35158 481910
271337 306183
206088 854143
831931 166979
639742 633132
447819 164050
1731 488755
19779 445287
57913 127797
462676 50086
322730 543924
848888 561493
967101 986467
134845 771534
852966 458689
984746 352548
582084 209561
304193 383809
873453 992649
101267 595395
416719 831514
203816 360226
588195 653092
179027 790375
61631 428884
525018 775216
397627 398304
834074 436641
153593 539383
163270 270567
920399 699100
290600 194100
962410 698905
883409 824207
814296 290602
860738 576426
271076 53559
392380 591080
697073 196285
44810 69680
474979 753745
557778 335627
717985 856341
615250 821036
75948 587313
760495 225417
580795 442387
297533 292196
996920 558816
619740 5453
69039 690528
911356 521976
393002 371910
578708 822683
374330 834843
85379 892624
884710 21914
89200 220260
778489 473289
908777 544391
389179 955580
383452 71053
490267 448082
132926 832887
975106 505087
71468 469977
687459 72565
786451 473757
417224 553292
52136 854651
65182 286609
316979 269197
376074 637289
476404 873914
441092 572577
622815 560859
378873 947282
750805 773739
218338 713868
587873 803664
27240 927815
819599 320077
757015 728091
983115 905051
107577 438392
213835 528154
954913 556888
847792 224205
529880 680514
605583 717759
588334 344444
713753 375791
270756 348167
855655 664051
213762 386708
286132 232716
746438 708788
793062 863419
681161 83365
443653 772465
291577 571745
214508 183921
559702 474583
671884 661534
669574 351364
842195 419838
26667 194572
292669 722489
790272 681524
228231 519879
20343 923976
103063 678187
60743 288861
843896 508552
707671 673150
287022 817690
44986 81613
842082 370252
567434 478326
713149 478406
358306 661124
231164 415579
639765 342717
981763 488972
972148 713060
448585 899433
742756 504596
834579 967439
355178 985345
572453 910410
706956 364357
790278 119260
126387 809868
659410 801025
928529 652611
119256 929634
145998 374973
947067 678301
791856 671347
520812 894727
219965 205786
909288 724258
762369 690168
116092 186306
843833 559388
402590 365825
200389 829664
620028 894306
661753 691881
391957 563701
196758 13931
805591 241886
566419 204371
994339 739722
981036 824267
623607 917471
615729 924898
828127 112237
703060 336105
591451 918350
191925 33353
906864 459028
638618 271164
313865 550318
79016 386396
565501 577334
120061 46901
249208 477935
384253 249436
157461 960469
742591 555259
84408 969905
479442 892663
510797 460595
647040 752764
331898 734123
387870 758207
381729 957163
929895 393985
11819 986899
292639 155420
393829 300579
481374 490402
532767 650924
92169 691328
201155 50581
802315 326710
134377 826477
178670 893296
863598 778916
600672 116581
505002 930423
865357 730904
672728 955796
218389 629931
437801 147529
138186 994099
916429 689697
189444 373709
638488 88621
657889 734637
320587 840020
479833 158247
48035 800132
188116 227850
156131 272146
210292 131200
293613 519550
875414 161763
249695 274415
912510 611110
131051 821312
56890 10610
386189 406569
619649 302620
992086 47675
521267 799759
841554 299181
341921 725368
999699 169080
399188 719090
33993 173598
728029 938609
64804 468568
108483 291852
531942 101943
963230 893571
927578 694748
30227 56034
907088 276697
204824 995594
256728 577875
841347 965282
170685 809394
105825 708079
169936 853543
679571 966386
781469 827964
227624 280273
788814 188557
566482 460375
463459 892246
392400 930933
691611 653478
764484 604245
321895 997213
276074 69885
376965 636410
993445 660369
995630 683438
792581 389522
101997 342524
682798 850589
834236 24325
70254 908263
708001 273877
684886 422050
338111 509642
71074 298019
297039 334050
125331 881792
349862 94893
153600 77668
872690 452125
316210 607140
735264 936043
130341 504609
308270 870553
907817 288914
542048 579148
620348 246396
255778 491422
704790 914494
874827 624403
747823 164491
858861 925669
822387 247779
974421 134157
487515 792178
383076 139778
108700 13056
239875 304404
207682 338659
126726 844456
8565 239826
181437 169308
211410 301357
225563 19879
294982 475608
542804 358270
327068 18478
214630 221968
343799 823751
80880 175080
848669 743840
460523 564296
877449 13299
741361 518681
376937 76024
827358 520105
353534 957920
218407 415085
361838 823843
189723 938983
424012 510953
136693 179955
397384 640215
655893 922749
140801 373575
344113 481401
569466 6405
614604 455042
833542 363158
53429 822516
407512 398725
968635 929177
835346 498807
821130 213178
240747 719690
168522 968782
482264 611139
601800 50652
9834 325672
909647 185755
62292 433324
366262 478530
834682 233076
606008 770060
639679 380411
21785 743534
889203 335089
3939 55917
930322 473992
622641 319709
383783 711006
549064 458889
654024 119209
109284 819543
706279 360185
369773 428420
39407 691158
64429 961554
22294 942647
990488 310343
407251 137707
224333 113854
885520 358374
138014 263889
8051 55761
733533 183233
658952 247305
254238 627736
539553 948013
381342 869311
797709 742094
578490 379629
20081 617210
308371 553249
294288 55637
912808 584084
943405 904948
921368 340592
837008 735407
433411 972737
890958 232062
4652 27747
482434 666638
161663 51845
27155 647602
266416 11639
892551 156373
957795 381477
153626 343464
808197 412082
437491 680414
150681 920940
248122 841675
255775 926377
714562 125216
166938 584946
663882 311389
539792 185691
284404 606729
772637 405069
415249 722602
564381 632723
675002 198260
790910 941023
225296 793643
252063 190223
954384 149339
408721 836284
261275 939448
703218 239855
422754 427660
436093 662592
733639 677663
458393 680967
224855 666105
131078 447866
784438 199601
101742 88783
933337 846896
453730 532053
340862 63089
693864 241553
403927 304890
862387 645466
859713 214230
772342 536191
453149 882067
15525 354108
138595 795117
908233 61937
159415 315231
992469 266544
619581 444532
56831 351562
838240 188953
896261 646834
861178 48644
190937 79668
992373 35800
951927 328071
104325 148766
954964 227586
787625 415864
463464 71036
108235 463177
328127 484434
855171 57640
242811 762526
681861 230054
534999 903843
471117 392268
374076 97874
586755 328538
691745 85892
414096 63186
426324 642173
737104 384975
926272 403780
51698 243206
478181 414786
872735 321345
960616 44774
456487 841066
567555 391609
130857 52936
393817 884951
602419 929477
429749 569676
192328 292268
173584 467281
942404 976685
637241 488601
928232 666322
995013 602560
917835 713616
504420 353397
722535 604081
614669 362756
200825 718584
370561 153212
896613 701437
318264 486264
719964 51647
124310 420503
911428 520481
30269 464632
770367 520589
82966 525187
273137 30211
803700 830270
758783 410614
589853 648292
317903 145692
678376 414675
384562 759732
943033 829645
301712 72697
145927 596715
307255 511906
518681 734128
470955 414857
709837 810491
601630 129968
202359 31032
39569 250356
278794 832316
550882 500348
491520 531037
248507 635204
381641 616331
578817 211650
882473 475363
933339 240109
442196 698310
371799 539083
405131 621596
275742 77994
602236 437162
491237 716812
418796 20755
664669 529177
830910 613675
27389 330232
32277 630096
842990 121254
308881 156032
95266 910211
761617 156220
765360 770707
325459 11627
223432 61335
288716 772983
843130 443287
177024 434709
936451 706164
434113 608761
502044 440173
805007 209403
81795 277573
707238 147592
228536 766968
161719 577604
701964 941157
47388 938732
530387 292554
542294 891324
502635 179777
618721 259149
487539 654816
371063 258974
217576 322246
772553 623492
818828 120308
180586 705142
421151 848208
540226 286065
640439 854848
771678 613403
589166 551227
269837 129333
341847 312112
792671 471657
458855 892125
270115 583501
255033 697222
226214 189574
988770 124598
574715 471688
42761 712394
521881 507632
469383 25136
190213 925226
981680 41650
362883 267314
585146 309293
441091 763630
566057 281638
305142 561974
478828 66321
274987 983747
107898 275597
777033 37918
118879 794206
641489 252641
259254 57476
178060 865210
520615 867148
307767 548722
632489 863266
64747 147766
622017 517491
724295 345667
944291 916558
662037 792231
864897 664164
803993 983656
359204 945359
188469 105208
782240 169642
728013 122457
958461 637209
733415 638328
142490 357465
141498 420883
509922 489617
674672 50739
451554 872356
352564 837176
964854 762856
874660 8500
863331 214952
397810 194817
357382 492146
143551 390450
799518 533186
87611 908311
32354 766248
707563 320052
829484 502365
394503 13493
377427 729522
670743 792767
611010 375954
797918 896841
485146 14452
708487 918470
942650 539104
448566 368390
420791 561684
481092 48463
228514 146970
265739 972708
21781 34625
505635 306577
906237 679821
330811 682533
404416 285592
474426 293953
638942 497012

